1.261903671547770500e-03 1.832800656557083130e-01
2.847617724910378456e-03 1.832768023014068604e-01
5.510189104825258255e-03 1.832671761512756348e-01
7.339215837419033051e-03 1.832574158906936646e-01
1.059772353619337082e-02 1.832346618175506592e-01
1.165425591170787811e-02 1.832257062196731567e-01
1.576043665409088135e-02 1.831838041543960571e-01
1.676477119326591492e-02 1.831716895103454590e-01
1.820087991654872894e-02 1.831538975238800049e-01
2.172360382974147797e-02 1.831042617559432983e-01
2.341367863118648529e-02 1.830779463052749634e-01
2.675547078251838684e-02 1.830210834741592407e-01
2.785839512944221497e-02 1.830010414123535156e-01
3.053628467023372650e-02 1.829495429992675781e-01
3.348410874605178833e-02 1.828889846801757812e-01
3.542042896151542664e-02 1.828467696905136108e-01
3.703567385673522949e-02 1.828103363513946533e-01
4.056630656123161316e-02 1.827265322208404541e-01
4.114601016044616699e-02 1.827123761177062988e-01
4.354729130864143372e-02 1.826519370079040527e-01
4.543990269303321838e-02 1.826026737689971924e-01
4.976193979382514954e-02 1.824854612350463867e-01
5.020542070269584656e-02 1.824730187654495239e-01
5.234854668378829956e-02 1.824119836091995239e-01
5.474954843521118164e-02 1.823422610759735107e-01
5.764203146100044250e-02 1.822557747364044189e-01
6.085608899593353271e-02 1.821571886539459229e-01
6.293293833732604980e-02 1.820920109748840332e-01
6.423666328191757202e-02 1.820507049560546875e-01
6.762491911649703979e-02 1.819411814212799072e-01
6.930877268314361572e-02 1.818860918283462524e-01
7.219496369361877441e-02 1.817904263734817505e-01
7.441659271717071533e-02 1.817159056663513184e-01
7.648079842329025269e-02 1.816460341215133667e-01
7.852809131145477295e-02 1.815760433673858643e-01
7.953197509050369263e-02 1.815414428710937500e-01
8.368140459060668945e-02 1.813978552818298340e-01
8.504009246826171875e-02 1.813504397869110107e-01
8.661688864231109619e-02 1.812951862812042236e-01
8.878029882907867432e-02 1.812191903591156006e-01
9.101323038339614868e-02 1.811402589082717896e-01
9.465355426073074341e-02 1.810117661952972412e-01
9.622294455766677856e-02 1.809561699628829956e-01
9.772777557373046875e-02 1.809027493000030518e-01
1.016100943088531494e-01 1.807648688554763794e-01
1.036062985658645630e-01 1.806939840316772461e-01
1.043106019496917725e-01 1.806690394878387451e-01
1.077041849493980408e-01 1.805488914251327515e-01
1.110661476850509644e-01 1.804302483797073364e-01
1.120088845491409302e-01 1.803972423076629639e-01
1.146178543567657471e-01 1.803056448698043823e-01
1.169727370142936707e-01 1.802232265472412109e-01
1.186917349696159363e-01 1.801632046699523926e-01
1.203328743577003479e-01 1.801063716411590576e-01
1.244752034544944763e-01 1.799634546041488647e-01
1.251651942729949951e-01 1.799397170543670654e-01
1.271533966064453125e-01 1.798718571662902832e-01
1.297816783189773560e-01 1.797824949026107788e-01
1.335998773574829102e-01 1.796542257070541382e-01
1.357758790254592896e-01 1.795817166566848755e-01
1.366750299930572510e-01 1.795517355203628540e-01
1.396214067935943604e-01 1.794547289609909058e-01
1.427248120307922363e-01 1.793531626462936401e-01
1.430546790361404419e-01 1.793424189090728760e-01
1.459227502346038818e-01 1.792499721050262451e-01
1.492657661437988281e-01 1.791433691978454590e-01
1.506338119506835938e-01 1.790999919176101685e-01
1.535621583461761475e-01 1.790078282356262207e-01
1.552228182554244995e-01 1.789564043283462524e-01
1.576143056154251099e-01 1.788825690746307373e-01
1.609431356191635132e-01 1.787807196378707886e-01
1.626459956169128418e-01 1.787292957305908203e-01
1.639124602079391479e-01 1.786909997463226318e-01
1.664852350950241089e-01 1.786139607429504395e-01
1.690917015075683594e-01 1.785366237163543701e-01
1.707149893045425415e-01 1.784888654947280884e-01
1.732371151447296143e-01 1.784153282642364502e-01
1.751251071691513062e-01 1.783605515956878662e-01
1.780314892530441284e-01 1.782768964767456055e-01
1.810917556285858154e-01 1.781896203756332397e-01
1.820220500230789185e-01 1.781633645296096802e-01
1.838024854660034180e-01 1.781130135059356689e-01
1.875969171524047852e-01 1.780069321393966675e-01
1.892136335372924805e-01 1.779619604349136353e-01
1.914512515068054199e-01 1.779000312089920044e-01
1.938873976469039917e-01 1.778330802917480469e-01
1.951247155666351318e-01 1.777991950511932373e-01
1.984805464744567871e-01 1.777078211307525635e-01
2.013660371303558350e-01 1.776292771100997925e-01
2.025492340326309204e-01 1.775973439216613770e-01
2.059578597545623779e-01 1.775051504373550415e-01
2.083199620246887207e-01 1.774416118860244751e-01
2.105866670608520508e-01 1.773807853460311890e-01
2.109353691339492798e-01 1.773715168237686157e-01
2.135179191827774048e-01 1.773023009300231934e-01
2.172357290983200073e-01 1.772025972604751587e-01
2.179738432168960571e-01 1.771825999021530151e-01
2.208349406719207764e-01 1.771056503057479858e-01
2.228115797042846680e-01 1.770525127649307251e-01
2.260197103023529053e-01 1.769659519195556641e-01
2.269135266542434692e-01 1.769417673349380493e-01
2.293654233217239380e-01 1.768752634525299072e-01
2.322380095720291138e-01 1.767970025539398193e-01
2.337852269411087036e-01 1.767545342445373535e-01
2.362854629755020142e-01 1.766860336065292358e-01
2.397015392780303955e-01 1.765911877155303955e-01
2.420974224805831909e-01 1.765241920948028564e-01
2.427625209093093872e-01 1.765056252479553223e-01
2.460271418094635010e-01 1.764134913682937622e-01
2.492610812187194824e-01 1.763209551572799683e-01
2.511688172817230225e-01 1.762657463550567627e-01
2.529296576976776123e-01 1.762145906686782837e-01
2.554644346237182617e-01 1.761402487754821777e-01
2.581070363521575928e-01 1.760615110397338867e-01
2.603250443935394287e-01 1.759948283433914185e-01
2.625717222690582275e-01 1.759267002344131470e-01
2.633362412452697754e-01 1.759033799171447754e-01
2.658462226390838623e-01 1.758256852626800537e-01
2.679199278354644775e-01 1.757608056068420410e-01
2.703562676906585693e-01 1.756837069988250732e-01
2.729391157627105713e-01 1.756007671356201172e-01
2.765900492668151855e-01 1.754813939332962036e-01
2.787860631942749023e-01 1.754081994295120239e-01
2.797017991542816162e-01 1.753777265548706055e-01
2.816131711006164551e-01 1.753126829862594604e-01
2.836389541625976562e-01 1.752431243658065796e-01
2.875491976737976074e-01 1.751063317060470581e-01
2.882777452468872070e-01 1.750804930925369263e-01
2.915536165237426758e-01 1.749626100063323975e-01
2.932437062263488770e-01 1.749008744955062866e-01
2.968429327011108398e-01 1.747669875621795654e-01
2.982293367385864258e-01 1.747144460678100586e-01
3.003500401973724365e-01 1.746331304311752319e-01
3.036454617977142334e-01 1.745046526193618774e-01
3.055565953254699707e-01 1.744286715984344482e-01
3.071278035640716553e-01 1.743654161691665649e-01
3.100870251655578613e-01 1.742445528507232666e-01
3.109582066535949707e-01 1.742082983255386353e-01
3.136752247810363770e-01 1.740946918725967407e-01
3.160516619682312012e-01 1.739932596683502197e-01
3.179665505886077881e-01 1.739103645086288452e-01
3.214302361011505127e-01 1.737575232982635498e-01
3.233033418655395508e-01 1.736734211444854736e-01
3.256410062313079834e-01 1.735667437314987183e-01
3.282217979431152344e-01 1.734472215175628662e-01
3.298063278198242188e-01 1.733726114034652710e-01
3.331046104431152344e-01 1.732147783041000366e-01
3.339377641677856445e-01 1.731743216514587402e-01
3.360351920127868652e-01 1.730716228485107422e-01
3.392713069915771484e-01 1.729101836681365967e-01
3.406969010829925537e-01 1.728381663560867310e-01
3.435370624065399170e-01 1.726920306682586670e-01
3.460538387298583984e-01 1.725603491067886353e-01
3.478841483592987061e-01 1.724633723497390747e-01
3.504146337509155273e-01 1.723272055387496948e-01
3.523153364658355713e-01 1.722233891487121582e-01
3.549449741840362549e-01 1.720777302980422974e-01
3.578175902366638184e-01 1.719158142805099487e-01
3.602353036403656006e-01 1.717773377895355225e-01
3.606739640235900879e-01 1.717518568038940430e-01
3.649327456951141357e-01 1.715023815631866455e-01
3.663900792598724365e-01 1.714153289794921875e-01
3.681415915489196777e-01 1.713098138570785522e-01
3.702020049095153809e-01 1.711842566728591919e-01
3.720565736293792725e-01 1.710697561502456665e-01
3.758137226104736328e-01 1.708343476057052612e-01
3.780730068683624268e-01 1.706901639699935913e-01
3.804310858249664307e-01 1.705375760793685913e-01
3.814190924167633057e-01 1.704732924699783325e-01
3.851222991943359375e-01 1.702284216880798340e-01
3.876184523105621338e-01 1.700606346130371094e-01
3.890390098094940186e-01 1.699639856815338135e-01
3.906605839729309082e-01 1.698528677225112915e-01
3.926294744014739990e-01 1.697166562080383301e-01
3.960881829261779785e-01 1.694739311933517456e-01
3.977299928665161133e-01 1.693571507930755615e-01
4.010008573532104492e-01 1.691215485334396362e-01
4.023296833038330078e-01 1.690246313810348511e-01
4.052445590496063232e-01 1.688099205493927002e-01
4.066422581672668457e-01 1.687057018280029297e-01
4.093658626079559326e-01 1.685011684894561768e-01
4.115365445613861084e-01 1.683358103036880493e-01
4.148772656917572021e-01 1.680784970521926880e-01
4.165262281894683838e-01 1.679497063159942627e-01
4.194698631763458252e-01 1.677179932594299316e-01
4.211927354335784912e-01 1.675803512334823608e-01
4.235748350620269775e-01 1.673888862133026123e-01
4.248463809490203857e-01 1.672858446836471558e-01
4.283998310565948486e-01 1.669947355985641479e-01
4.301388859748840332e-01 1.668503582477569580e-01
4.310081005096435547e-01 1.667783111333847046e-01
4.338444173336029053e-01 1.665401458740234375e-01
4.372901320457458496e-01 1.662469059228897095e-01
4.387090206146240234e-01 1.661250293254852295e-01
4.417419433593750000e-01 1.658618748188018799e-01
4.429200291633605957e-01 1.657589077949523926e-01
4.449440538883209229e-01 1.655808538198471069e-01
4.472568929195404053e-01 1.653756350278854370e-01
4.490833878517150879e-01 1.652120798826217651e-01
4.516486227512359619e-01 1.649805456399917603e-01
4.540817439556121826e-01 1.647592484951019287e-01
4.577575027942657471e-01 1.644205302000045776e-01
4.581836760044097900e-01 1.643810272216796875e-01
4.612410962581634521e-01 1.640952974557876587e-01
4.628036022186279297e-01 1.639483273029327393e-01
4.663214385509490967e-01 1.636139601469039917e-01
4.679662883281707764e-01 1.634561121463775635e-01
4.713529050350189209e-01 1.631285846233367920e-01
4.716612100601196289e-01 1.630984246730804443e-01
4.758050739765167236e-01 1.626920998096466064e-01
4.777903854846954346e-01 1.624951958656311035e-01
4.792356193065643311e-01 1.623512804508209229e-01
4.817470014095306396e-01 1.620993316173553467e-01
4.848836660385131836e-01 1.617818772792816162e-01
4.868306219577789307e-01 1.615832448005676270e-01
4.883289933204650879e-01 1.614292562007904053e-01
4.912501871585845947e-01 1.611274182796478271e-01
4.925716817378997803e-01 1.609896123409271240e-01
4.951529502868652344e-01 1.607194840908050537e-01
4.971424639225006104e-01 1.605097800493240356e-01
4.989812672138214111e-01 1.603146642446517944e-01
5.017769932746887207e-01 1.600161343812942505e-01
5.041120648384094238e-01 1.597648113965988159e-01
5.072867274284362793e-01 1.594200730323791504e-01
5.090902447700500488e-01 1.592226624488830566e-01
5.122129321098327637e-01 1.588785946369171143e-01
5.127542614936828613e-01 1.588185876607894897e-01
5.158359408378601074e-01 1.584754288196563721e-01
5.179945230484008789e-01 1.582331657409667969e-01
5.209465026855468750e-01 1.578989624977111816e-01
5.217966437339782715e-01 1.578021794557571411e-01
5.243259668350219727e-01 1.575131714344024658e-01
5.278886556625366211e-01 1.571020036935806274e-01
5.297879576683044434e-01 1.568812876939773560e-01
5.320703387260437012e-01 1.566140353679656982e-01
5.343891382217407227e-01 1.563407927751541138e-01
5.368599295616149902e-01 1.560476124286651611e-01
5.389385223388671875e-01 1.557992696762084961e-01
5.408529043197631836e-01 1.555691361427307129e-01
5.431731343269348145e-01 1.552886664867401123e-01
5.450963377952575684e-01 1.550544649362564087e-01
5.478575825691223145e-01 1.547160893678665161e-01
5.508598685264587402e-01 1.543447822332382202e-01
5.528384447097778320e-01 1.540981680154800415e-01
5.548834800720214844e-01 1.538419723510742188e-01
5.574769377708435059e-01 1.535144895315170288e-01
5.592046380043029785e-01 1.532949358224868774e-01
5.611456036567687988e-01 1.530467420816421509e-01
5.641075968742370605e-01 1.526653617620468140e-01
5.657146573066711426e-01 1.524567902088165283e-01
5.691138505935668945e-01 1.520124077796936035e-01
5.714213252067565918e-01 1.517080217599868774e-01
5.730554461479187012e-01 1.514909863471984863e-01
5.757515430450439453e-01 1.511303484439849854e-01
5.765018463134765625e-01 1.510293781757354736e-01
5.804652571678161621e-01 1.504922211170196533e-01
5.824571251869201660e-01 1.502196639776229858e-01
5.829613804817199707e-01 1.501503735780715942e-01
5.859523415565490723e-01 1.497367769479751587e-01
5.889112353324890137e-01 1.493231803178787231e-01
5.909983515739440918e-01 1.490293592214584351e-01
5.920796990394592285e-01 1.488759666681289673e-01
5.949528217315673828e-01 1.484661102294921875e-01
5.978619456291198730e-01 1.480467021465301514e-01
6.003856658935546875e-01 1.476795375347137451e-01
6.025859713554382324e-01 1.473563760519027710e-01
6.040403246879577637e-01 1.471414715051651001e-01
6.074487566947937012e-01 1.466330438852310181e-01
6.080473065376281738e-01 1.465431749820709229e-01
6.112351417541503906e-01 1.460606604814529419e-01
6.130621433258056641e-01 1.457814574241638184e-01
6.158732771873474121e-01 1.453482508659362793e-01
6.168038845062255859e-01 1.452035754919052124e-01
6.192046403884887695e-01 1.448282450437545776e-01
6.230055093765258789e-01 1.442269235849380493e-01
6.238095164299011230e-01 1.440984159708023071e-01
6.277293562889099121e-01 1.434662640094757080e-01
6.302663087844848633e-01 1.430516093969345093e-01
6.317569613456726074e-01 1.428060829639434814e-01
6.332794427871704102e-01 1.425533592700958252e-01
6.353303194046020508e-01 1.422106772661209106e-01
6.389970183372497559e-01 1.415903419256210327e-01
6.396158337593078613e-01 1.414848417043685913e-01
6.426986455917358398e-01 1.409541815519332886e-01
6.460583806037902832e-01 1.403678506612777710e-01
6.482694745063781738e-01 1.399769335985183716e-01
6.490224599838256836e-01 1.398428082466125488e-01
6.508013010025024414e-01 1.395246982574462891e-01
6.536757349967956543e-01 1.390043944120407104e-01
6.563993692398071289e-01 1.385053247213363647e-01
6.597788333892822266e-01 1.378770917654037476e-01
6.602158546447753906e-01 1.377952396869659424e-01
6.627944111824035645e-01 1.373081803321838379e-01
6.655782461166381836e-01 1.367751806974411011e-01
6.672608852386474609e-01 1.364496946334838867e-01
6.708194613456726074e-01 1.357522308826446533e-01
6.713962554931640625e-01 1.356381624937057495e-01
6.738012433052062988e-01 1.351584345102310181e-01
6.759467124938964844e-01 1.347256302833557129e-01
6.786171197891235352e-01 1.341801732778549194e-01
6.818726658821105957e-01 1.335051357746124268e-01
6.838523745536804199e-01 1.330890059471130371e-01
6.853365898132324219e-01 1.327743530273437500e-01
6.892488598823547363e-01 1.319327205419540405e-01
6.897532343864440918e-01 1.318228840827941895e-01
6.938511133193969727e-01 1.309197992086410522e-01
6.942610740661621094e-01 1.308285295963287354e-01
6.971018910408020020e-01 1.301891505718231201e-01
6.999034881591796875e-01 1.295489817857742310e-01
7.018001675605773926e-01 1.291099190711975098e-01
7.035847902297973633e-01 1.286922842264175415e-01
7.067040205001831055e-01 1.279525905847549438e-01
7.088426947593688965e-01 1.274379491806030273e-01
7.109994292259216309e-01 1.269123554229736328e-01
7.138734459877014160e-01 1.262018680572509766e-01
7.165208458900451660e-01 1.255369484424591064e-01
7.173129916191101074e-01 1.253360658884048462e-01
7.204224467277526855e-01 1.245380342006683350e-01
7.219533920288085938e-01 1.241397038102149963e-01
7.247073650360107422e-01 1.234142482280731201e-01
7.267037034034729004e-01 1.228807047009468079e-01
7.291314005851745605e-01 1.222234666347503662e-01
7.307637929916381836e-01 1.217759475111961365e-01
7.333621382713317871e-01 1.210545152425765991e-01
7.363576292991638184e-01 1.202085241675376892e-01
7.389304041862487793e-01 1.194694116711616516e-01
7.410701513290405273e-01 1.188458204269409180e-01
7.421050071716308594e-01 1.185412928462028503e-01
7.454048991203308105e-01 1.175567954778671265e-01
7.470728754997253418e-01 1.170514300465583801e-01
7.483694553375244141e-01 1.166551634669303894e-01
7.511820197105407715e-01 1.157840862870216370e-01
7.548122406005859375e-01 1.146368980407714844e-01
7.569093108177185059e-01 1.139621213078498840e-01
7.577987909317016602e-01 1.136732548475265503e-01
7.599481344223022461e-01 1.129685491323471069e-01
7.637093067169189453e-01 1.117122918367385864e-01
7.652963995933532715e-01 1.111730858683586121e-01
7.686232924461364746e-01 1.100254356861114502e-01
7.698054909706115723e-01 1.096116602420806885e-01
7.722727060317993164e-01 1.087386906147003174e-01
7.750107049942016602e-01 1.077535971999168396e-01
7.768245339393615723e-01 1.070918813347816467e-01
7.789196968078613281e-01 1.063180863857269287e-01
7.801629900932312012e-01 1.058540642261505127e-01
7.830932140350341797e-01 1.047464534640312195e-01
7.846699357032775879e-01 1.041420549154281616e-01
7.890813350677490234e-01 1.024199873208999634e-01
7.907465696334838867e-01 1.017579212784767151e-01
7.936042547225952148e-01 1.006061434745788574e-01
7.938293218612670898e-01 1.005146279931068420e-01
7.965361475944519043e-01 9.940399974584579468e-02
7.982534170150756836e-01 9.869012981653213501e-02
8.027048707008361816e-01 9.680604934692382812e-02
8.031702041625976562e-01 9.660644084215164185e-02
8.065587878227233887e-01 9.513576328754425049e-02
8.085752725601196289e-01 9.424740821123123169e-02
8.105388879776000977e-01 9.337252378463745117e-02
8.140099048614501953e-01 9.180343151092529297e-02
8.151351213455200195e-01 9.128835797309875488e-02
8.176763653755187988e-01 9.011395275592803955e-02
8.192476630210876465e-01 8.938010782003402710e-02
8.228124380111694336e-01 8.769302815198898315e-02
8.231856226921081543e-01 8.751472085714340210e-02
8.265522122383117676e-01 8.589105308055877686e-02
8.289543390274047852e-01 8.471634984016418457e-02
8.308797478675842285e-01 8.376520127058029175e-02
8.324736356735229492e-01 8.297158777713775635e-02
8.366378545761108398e-01 8.087148517370223999e-02
8.376976847648620605e-01 8.033084869384765625e-02
8.390373587608337402e-01 7.964416593313217163e-02
8.426287770271301270e-01 7.778476178646087646e-02
8.439015150070190430e-01 7.711964845657348633e-02
8.458757996559143066e-01 7.608139514923095703e-02
8.497852683067321777e-01 7.400369644165039062e-02
8.515990376472473145e-01 7.303025573492050171e-02
8.544710278511047363e-01 7.147724181413650513e-02
8.556345105171203613e-01 7.084409892559051514e-02
8.576097488403320312e-01 6.976445764303207397e-02
8.611112236976623535e-01 6.783616542816162109e-02
8.617615699768066406e-01 6.747615337371826172e-02
8.647522330284118652e-01 6.581331044435501099e-02
8.664388656616210938e-01 6.487069278955459595e-02
8.688121438026428223e-01 6.353905797004699707e-02
8.721393346786499023e-01 6.166306510567665100e-02
8.752819895744323730e-01 5.988287925720214844e-02
8.758146166801452637e-01 5.958051979541778564e-02
8.780332803726196289e-01 5.831948295235633850e-02
8.801253437995910645e-01 5.712836980819702148e-02
8.830803036689758301e-01 5.544406920671463013e-02
8.849867582321166992e-01 5.435688048601150513e-02
8.876178264617919922e-01 5.285702645778656006e-02
8.898978233337402344e-01 5.155871808528900146e-02
8.913753628730773926e-01 5.071863532066345215e-02
8.937790989875793457e-01 4.935474693775177002e-02
8.972430825233459473e-01 4.739767313003540039e-02
8.992083668708801270e-01 4.629295691847801208e-02
9.011288881301879883e-01 4.521821066737174988e-02
9.041134119033813477e-01 4.355908185243606567e-02
9.068328142166137695e-01 4.206093773245811462e-02
9.084678888320922852e-01 4.116736352443695068e-02
9.109283089637756348e-01 3.983389958739280701e-02
9.137709736824035645e-01 3.831185773015022278e-02
9.149753451347351074e-01 3.767361864447593689e-02
9.176191091537475586e-01 3.628743439912796021e-02
9.187324047088623047e-01 3.571015223860740662e-02
9.212051033973693848e-01 3.444276750087738037e-02
9.240512251853942871e-01 3.301056846976280212e-02
9.266658425331115723e-01 3.172198310494422913e-02
9.290437102317810059e-01 3.057406097650527954e-02
9.309091567993164062e-01 2.969029545783996582e-02
9.325481653213500977e-01 2.892659045755863190e-02
9.360730051994323730e-01 2.732624858617782593e-02
9.385726451873779297e-01 2.622761391103267670e-02
9.405333399772644043e-01 2.538779191672801971e-02
9.419813752174377441e-01 2.478026412427425385e-02
9.448246955871582031e-01 2.361933328211307526e-02
9.457387924194335938e-01 2.325525507330894470e-02
9.498701691627502441e-01 2.166648767888545990e-02
9.501517415046691895e-01 2.156164683401584625e-02
9.539446830749511719e-01 2.019222266972064972e-02
9.558253288269042969e-01 1.954299956560134888e-02
9.577516317367553711e-01 1.889869943261146545e-02
9.598554968833923340e-01 1.821873523294925690e-02
9.620807766914367676e-01 1.752638630568981171e-02
9.658527970314025879e-01 1.641511917114257812e-02
9.670600891113281250e-01 1.607584208250045776e-02
9.693512916564941406e-01 1.545325014740228653e-02
9.708353877067565918e-01 1.506474148482084274e-02
9.731262326240539551e-01 1.448723953217267990e-02
9.764863848686218262e-01 1.368774101138114929e-02
9.774537086486816406e-01 1.346777193248271942e-02
9.817386865615844727e-01 1.254541240632534027e-02
9.826655983924865723e-01 1.235675811767578125e-02
9.863249659538269043e-01 1.164700463414192200e-02
9.864732623100280762e-01 1.161937788128852844e-02
9.906065464019775391e-01 1.088342443108558655e-02
9.924749135971069336e-01 1.057084742933511734e-02
9.935775399208068848e-01 1.039179507642984390e-02
9.974192976951599121e-01 9.797248989343643188e-03
9.977732300758361816e-01 9.744578972458839417e-03
