4.220049013383686543e-04 2.489489167928695679e-01
1.291714026592671871e-03 2.489510029554367065e-01
2.595830941572785378e-03 2.489511817693710327e-01
4.138840828090906143e-03 2.489473968744277954e-01
4.664978012442588806e-03 2.489452809095382690e-01
6.782062351703643799e-03 2.489309012889862061e-01
7.609743159264326096e-03 2.489229291677474976e-01
9.072573855519294739e-03 2.489063590764999390e-01
9.407143108546733856e-03 2.489018887281417847e-01
1.035282108932733536e-02 2.488887012004852295e-01
1.191711518913507462e-02 2.488635778427124023e-01
1.360674947500228882e-02 2.488319426774978638e-01
1.454016380012035370e-02 2.488124519586563110e-01
1.533795893192291260e-02 2.487949132919311523e-01
1.696781814098358154e-02 2.487558722496032715e-01
1.733867451548576355e-02 2.487463951110839844e-01
1.919977553188800812e-02 2.486960440874099731e-01
1.949487067759037018e-02 2.486875951290130615e-01
2.122992277145385742e-02 2.486354261636734009e-01
2.207863330841064453e-02 2.486084252595901489e-01
2.349648997187614441e-02 2.485612928867340088e-01
2.417575009167194366e-02 2.485381066799163818e-01
2.562962658703327179e-02 2.484856396913528442e-01
2.697815187275409698e-02 2.484348565340042114e-01
2.782321348786354065e-02 2.484019249677658081e-01
2.888292632997035980e-02 2.483594268560409546e-01
2.952297031879425049e-02 2.483330965042114258e-01
3.155755624175071716e-02 2.482464611530303955e-01
3.193449974060058594e-02 2.482300102710723877e-01
3.295240551233291626e-02 2.481845468282699585e-01
3.435292840003967285e-02 2.481202334165573120e-01
3.584567829966545105e-02 2.480495870113372803e-01
3.660554811358451843e-02 2.480126917362213135e-01
3.759212419390678406e-02 2.479638308286666870e-01
3.888639435172080994e-02 2.478989213705062866e-01
4.084974527359008789e-02 2.477971911430358887e-01
4.117359220981597900e-02 2.477798759937286377e-01
4.255272075533866882e-02 2.477060556411743164e-01
4.371239989995956421e-02 2.476427555084228516e-01
4.497674480080604553e-02 2.475725710391998291e-01
4.627540335059165955e-02 2.474991232156753540e-01
4.743259772658348083e-02 2.474325597286224365e-01
4.795482382178306580e-02 2.474022805690765381e-01
4.977873712778091431e-02 2.472946345806121826e-01
5.022396519780158997e-02 2.472681403160095215e-01
5.191572383046150208e-02 2.471658885478973389e-01
5.285475775599479675e-02 2.471085637807846069e-01
5.422927811741828918e-02 2.470234185457229614e-01
5.474198609590530396e-02 2.469913363456726074e-01
5.654474720358848572e-02 2.468773573637008667e-01
5.709119141101837158e-02 2.468423098325729370e-01
5.841407552361488342e-02 2.467572838068008423e-01
6.005768105387687683e-02 2.466503083705902100e-01
6.067411974072456360e-02 2.466096878051757812e-01
6.130467727780342102e-02 2.465681135654449463e-01
6.280919909477233887e-02 2.464680820703506470e-01
6.413750350475311279e-02 2.463788539171218872e-01
6.543280184268951416e-02 2.462911754846572876e-01
6.633617728948593140e-02 2.462297528982162476e-01
6.705908477306365967e-02 2.461801171302795410e-01
6.923379749059677124e-02 2.460301071405410767e-01
7.011015713214874268e-02 2.459690123796463013e-01
7.082303613424301147e-02 2.459191828966140747e-01
7.262432575225830078e-02 2.457928061485290527e-01
7.331143319606781006e-02 2.457442134618759155e-01
7.421568781137466431e-02 2.456799745559692383e-01
7.521245628595352173e-02 2.456091940402984619e-01
7.678797096014022827e-02 2.454964369535446167e-01
7.773005217313766479e-02 2.454288154840469360e-01
7.848329097032546997e-02 2.453746795654296875e-01
8.000148832798004150e-02 2.452648282051086426e-01
8.059325069189071655e-02 2.452217936515808105e-01
8.264332264661788940e-02 2.450724393129348755e-01
8.383453637361526489e-02 2.449854165315628052e-01
8.487311005592346191e-02 2.449091970920562744e-01
8.554086834192276001e-02 2.448602318763732910e-01
8.697116374969482422e-02 2.447548657655715942e-01
8.832126855850219727e-02 2.446550130844116211e-01
8.900120854377746582e-02 2.446047812700271606e-01
9.001340717077255249e-02 2.445297092199325562e-01
9.190353751182556152e-02 2.443892508745193481e-01
9.211302548646926880e-02 2.443735897541046143e-01
9.416968375444412231e-02 2.442205697298049927e-01
9.424977749586105347e-02 2.442146539688110352e-01
9.565434604883193970e-02 2.441096454858779907e-01
9.714563190937042236e-02 2.439981251955032349e-01
9.781432151794433594e-02 2.439484149217605591e-01
9.895737469196319580e-02 2.438627630472183228e-01
1.003300771117210388e-01 2.437600195407867432e-01
1.013720631599426270e-01 2.436818331480026245e-01
1.032492145895957947e-01 2.435411512851715088e-01
1.036835163831710815e-01 2.435084581375122070e-01
1.047968566417694092e-01 2.434249818325042725e-01
1.063939109444618225e-01 2.433052808046340942e-01
1.073514148592948914e-01 2.432333528995513916e-01
1.084637567400932312e-01 2.431501597166061401e-01
1.101010516285896301e-01 2.430273741483688354e-01
1.107261776924133301e-01 2.429806441068649292e-01
1.122453734278678894e-01 2.428669482469558716e-01
1.133075207471847534e-01 2.427873015403747559e-01
1.135839521884918213e-01 2.427667379379272461e-01
1.148106083273887634e-01 2.426751405000686646e-01
1.167212948203086853e-01 2.425325661897659302e-01
1.171856969594955444e-01 2.424979656934738159e-01
1.185254156589508057e-01 2.423981726169586182e-01
1.199448481202125549e-01 2.422926574945449829e-01
1.208859607577323914e-01 2.422226667404174805e-01
1.224955916404724121e-01 2.421033084392547607e-01
1.227039173245429993e-01 2.420879304409027100e-01
1.244138106703758240e-01 2.419614195823669434e-01
1.254235804080963135e-01 2.418868243694305420e-01
1.263955533504486084e-01 2.418152838945388794e-01
1.279987245798110962e-01 2.416972070932388306e-01
1.293983012437820435e-01 2.415945827960968018e-01
1.303353011608123779e-01 2.415258288383483887e-01
1.314612627029418945e-01 2.414435595273971558e-01
1.322105675935745239e-01 2.413888275623321533e-01
1.336639523506164551e-01 2.412828058004379272e-01
1.346101462841033936e-01 2.412141859531402588e-01
1.354710310697555542e-01 2.411517500877380371e-01
1.365498602390289307e-01 2.410735785961151123e-01
1.381768137216567993e-01 2.409559786319732666e-01
1.393502503633499146e-01 2.408716380596160889e-01
1.396830379962921143e-01 2.408476024866104126e-01
1.410638839006423950e-01 2.407484650611877441e-01
1.424298137426376343e-01 2.406507283449172974e-01
1.438587903976440430e-01 2.405488640069961548e-01
1.452873796224594116e-01 2.404471635818481445e-01
1.460801362991333008e-01 2.403908669948577881e-01
1.474223434925079346e-01 2.402959465980529785e-01
1.486111581325531006e-01 2.402121871709823608e-01
1.490330249071121216e-01 2.401824146509170532e-01
1.503255516290664673e-01 2.400915920734405518e-01
1.518648415803909302e-01 2.399838864803314209e-01
1.529191881418228149e-01 2.399104386568069458e-01
1.536864340305328369e-01 2.398568540811538696e-01
1.549948304891586304e-01 2.397662550210952759e-01
1.562791168689727783e-01 2.396771758794784546e-01
1.572489887475967407e-01 2.396104186773300171e-01
1.587537676095962524e-01 2.395068109035491943e-01
1.596894264221191406e-01 2.394427806138992310e-01
1.602698713541030884e-01 2.394028753042221069e-01
1.612480878829956055e-01 2.393361330032348633e-01
1.633402705192565918e-01 2.391937822103500366e-01
1.639229208230972290e-01 2.391542494297027588e-01
1.649629473686218262e-01 2.390840053558349609e-01
1.659748852252960205e-01 2.390155345201492310e-01
1.674795597791671753e-01 2.389145195484161377e-01
1.684459745883941650e-01 2.388496845960617065e-01
1.701680570840835571e-01 2.387346625328063965e-01
1.711374819278717041e-01 2.386702448129653931e-01
1.719837933778762817e-01 2.386140674352645874e-01
1.735938191413879395e-01 2.385074645280838013e-01
1.746121495962142944e-01 2.384404391050338745e-01
1.757019609212875366e-01 2.383687049150466919e-01
1.768722683191299438e-01 2.382919341325759888e-01
1.771116405725479126e-01 2.382763773202896118e-01
1.788150370121002197e-01 2.381651848554611206e-01
1.798886954784393311e-01 2.380952686071395874e-01
1.815687268972396851e-01 2.379862219095230103e-01
1.823418885469436646e-01 2.379362881183624268e-01
1.829946339130401611e-01 2.378942072391510010e-01
1.846980005502700806e-01 2.377845048904418945e-01
1.850595623254776001e-01 2.377613931894302368e-01
1.862060278654098511e-01 2.376880794763565063e-01
1.874487549066543579e-01 2.376084625720977783e-01
1.884676218032836914e-01 2.375435233116149902e-01
1.895763725042343140e-01 2.374733090400695801e-01
1.917347609996795654e-01 2.373363077640533447e-01
1.922530978918075562e-01 2.373037934303283691e-01
1.932006031274795532e-01 2.372440993785858154e-01
1.951866000890731812e-01 2.371188700199127197e-01
1.963585615158081055e-01 2.370454668998718262e-01
1.966497898101806641e-01 2.370272725820541382e-01
1.976940780878067017e-01 2.369621545076370239e-01
1.997251510620117188e-01 2.368354499340057373e-01
2.001233994960784912e-01 2.368106693029403687e-01
2.014881372451782227e-01 2.367260456085205078e-01
2.031407505273818970e-01 2.366236448287963867e-01
2.038763910531997681e-01 2.365778684616088867e-01
2.051108777523040771e-01 2.365015596151351929e-01
2.055675983428955078e-01 2.364735156297683716e-01
2.071867436170578003e-01 2.363738864660263062e-01
2.088083773851394653e-01 2.362741082906723022e-01
2.097258567810058594e-01 2.362178713083267212e-01
2.107321321964263916e-01 2.361563146114349365e-01
2.116013616323471069e-01 2.361029684543609619e-01
2.125829458236694336e-01 2.360427826642990112e-01
2.144991606473922729e-01 2.359257042407989502e-01
2.148214727640151978e-01 2.359060645103454590e-01
2.159311473369598389e-01 2.358384579420089722e-01
2.170194685459136963e-01 2.357720285654067993e-01
2.189961969852447510e-01 2.356516122817993164e-01
2.192598134279251099e-01 2.356354445219039917e-01
2.206521928310394287e-01 2.355507910251617432e-01
2.224105149507522583e-01 2.354437857866287231e-01
2.224929332733154297e-01 2.354386150836944580e-01
2.242912799119949341e-01 2.353292554616928101e-01
2.255074679851531982e-01 2.352552115917205811e-01
2.266835868358612061e-01 2.351836115121841431e-01
2.281326949596405029e-01 2.350954115390777588e-01
2.284757792949676514e-01 2.350744903087615967e-01
2.296854704618453979e-01 2.350006997585296631e-01
2.307043075561523438e-01 2.349386513233184814e-01
2.319110333919525146e-01 2.348649501800537109e-01
2.327350229024887085e-01 2.348147034645080566e-01
2.338499873876571655e-01 2.347465306520462036e-01
2.360826730728149414e-01 2.346098273992538452e-01
2.365590333938598633e-01 2.345806956291198730e-01
2.383252978324890137e-01 2.344722747802734375e-01
2.386792749166488647e-01 2.344505190849304199e-01
2.402974367141723633e-01 2.343508601188659668e-01
2.408331632614135742e-01 2.343178540468215942e-01
2.423915117979049683e-01 2.342215031385421753e-01
2.430296838283538818e-01 2.341819405555725098e-01
2.446407228708267212e-01 2.340823262929916382e-01
2.459049969911575317e-01 2.340033650398254395e-01
2.473492175340652466e-01 2.339133024215698242e-01
2.481145709753036499e-01 2.338654398918151855e-01
2.494917362928390503e-01 2.337792515754699707e-01
2.503314316272735596e-01 2.337264269590377808e-01
2.513505220413208008e-01 2.336621582508087158e-01
2.528950572013854980e-01 2.335643768310546875e-01
2.538614273071289062e-01 2.335030734539031982e-01
2.552405297756195068e-01 2.334153801202774048e-01
2.563325166702270508e-01 2.333455830812454224e-01
2.572804391384124756e-01 2.332848459482192993e-01
2.578701376914978027e-01 2.332468926906585693e-01
2.595906853675842285e-01 2.331359833478927612e-01
2.606451511383056641e-01 2.330676764249801636e-01
2.619834244251251221e-01 2.329805195331573486e-01
2.633256614208221436e-01 2.328927367925643921e-01
2.635437846183776855e-01 2.328783720731735229e-01
2.648449540138244629e-01 2.327931225299835205e-01
2.662442624568939209e-01 2.327003180980682373e-01
2.677267491817474365e-01 2.326018512248992920e-01
2.682057023048400879e-01 2.325695455074310303e-01
2.699698507785797119e-01 2.324515581130981445e-01
2.709222435951232910e-01 2.323871403932571411e-01
2.718346714973449707e-01 2.323253750801086426e-01
2.725676000118255615e-01 2.322755604982376099e-01
2.742457985877990723e-01 2.321606725454330444e-01
2.755998075008392334e-01 2.320676594972610474e-01
2.759859263896942139e-01 2.320409268140792847e-01
2.779129743576049805e-01 2.319071292877197266e-01
2.789513170719146729e-01 2.318342775106430054e-01
2.802284657955169678e-01 2.317444980144500732e-01
2.805766761302947998e-01 2.317198067903518677e-01
2.818434238433837891e-01 2.316298186779022217e-01
2.835724353790283203e-01 2.315062135457992554e-01
2.839625775814056396e-01 2.314780652523040771e-01
2.859375476837158203e-01 2.313351184129714966e-01
2.871705591678619385e-01 2.312450855970382690e-01
2.874152362346649170e-01 2.312271595001220703e-01
2.891883254051208496e-01 2.310966998338699341e-01
2.895274460315704346e-01 2.310714572668075562e-01
2.906488776206970215e-01 2.309880703687667847e-01
2.921174168586730957e-01 2.308778017759323120e-01
2.931283414363861084e-01 2.308014333248138428e-01
2.940668761730194092e-01 2.307302802801132202e-01
2.958820164203643799e-01 2.305912524461746216e-01
2.964295744895935059e-01 2.305489629507064819e-01
2.977454960346221924e-01 2.304470241069793701e-01
2.990898489952087402e-01 2.303419113159179688e-01
3.007688820362091064e-01 2.302097082138061523e-01
3.013725280761718750e-01 2.301617264747619629e-01
3.020870387554168701e-01 2.301047444343566895e-01
3.037003278732299805e-01 2.299751490354537964e-01
3.044055998325347900e-01 2.299182265996932983e-01
3.059568107128143311e-01 2.297917157411575317e-01
3.075413703918457031e-01 2.296614795923233032e-01
3.084179759025573730e-01 2.295888066291809082e-01
3.090581893920898438e-01 2.295356243848800659e-01
3.100655972957611084e-01 2.294510155916213989e-01
3.121356964111328125e-01 2.292762547731399536e-01
3.129423260688781738e-01 2.292075008153915405e-01
3.141051530838012695e-01 2.291075140237808228e-01
3.144479095935821533e-01 2.290778309106826782e-01
3.158239722251892090e-01 2.289585471153259277e-01
3.173970878124237061e-01 2.288205772638320923e-01
3.185294866561889648e-01 2.287206202745437622e-01
3.191187679767608643e-01 2.286681830883026123e-01
3.205098509788513184e-01 2.285438477993011475e-01
3.212454319000244141e-01 2.284772694110870361e-01
3.233643770217895508e-01 2.282846868038177490e-01
3.241880834102630615e-01 2.282090932130813599e-01
3.246430456638336182e-01 2.281671613454818726e-01
3.266582787036895752e-01 2.279796004295349121e-01
3.269490897655487061e-01 2.279524207115173340e-01
3.291432857513427734e-01 2.277452200651168823e-01
3.297689259052276611e-01 2.276856303215026855e-01
3.311599493026733398e-01 2.275519222021102905e-01
3.315384685993194580e-01 2.275154441595077515e-01
3.330566287040710449e-01 2.273679673671722412e-01
3.345715403556823730e-01 2.272192090749740601e-01
3.359589576721191406e-01 2.270815223455429077e-01
3.367791175842285156e-01 2.269997149705886841e-01
3.376003205776214600e-01 2.269171774387359619e-01
3.385437130928039551e-01 2.268219739198684692e-01
3.404377698898315430e-01 2.266290038824081421e-01
3.409243524074554443e-01 2.265790998935699463e-01
3.425259888172149658e-01 2.264132946729660034e-01
3.433712720870971680e-01 2.263249903917312622e-01
3.442505300045013428e-01 2.262327671051025391e-01
3.455841839313507080e-01 2.260917574167251587e-01
3.463349342346191406e-01 2.260120064020156860e-01
3.476235866546630859e-01 2.258740961551666260e-01
3.490838408470153809e-01 2.257161140441894531e-01
3.506090044975280762e-01 2.255495786666870117e-01
3.516047000885009766e-01 2.254400104284286499e-01
3.529413044452667236e-01 2.252918332815170288e-01
3.538203537464141846e-01 2.251935154199600220e-01
3.546241223812103271e-01 2.251031994819641113e-01
3.553903996944427490e-01 2.250170111656188965e-01
3.567962646484375000e-01 2.248569875955581665e-01
3.585652112960815430e-01 2.246539443731307983e-01
3.592444658279418945e-01 2.245750874280929565e-01
3.605650067329406738e-01 2.244212627410888672e-01
3.613902330398559570e-01 2.243245244026184082e-01
3.621576726436614990e-01 2.242341488599777222e-01
3.639085590839385986e-01 2.240259200334548950e-01
3.647008836269378662e-01 2.239306569099426270e-01
3.655595779418945312e-01 2.238273918628692627e-01
3.675755262374877930e-01 2.235825061798095703e-01
3.679898977279663086e-01 2.235316783189773560e-01
3.692135214805603027e-01 2.233810126781463623e-01
3.711137473583221436e-01 2.231447547674179077e-01
3.713614046573638916e-01 2.231138795614242554e-01
3.726208806037902832e-01 2.229554206132888794e-01
3.741783499717712402e-01 2.227580100297927856e-01
3.746711015701293945e-01 2.226950824260711670e-01
3.763405382633209229e-01 2.224804908037185669e-01
3.768756985664367676e-01 2.224111706018447876e-01
3.780127763748168945e-01 2.222634553909301758e-01
3.797505199909210205e-01 2.220355868339538574e-01
3.807798326015472412e-01 2.218994647264480591e-01
3.821707367897033691e-01 2.217142581939697266e-01
3.832729160785675049e-01 2.215662449598312378e-01
3.845775425434112549e-01 2.213900238275527954e-01
3.858986794948577881e-01 2.212099879980087280e-01
3.868737816810607910e-01 2.210763990879058838e-01
3.880927562713623047e-01 2.209082096815109253e-01
3.884562849998474121e-01 2.208577990531921387e-01
3.893625140190124512e-01 2.207317203283309937e-01
3.905549049377441406e-01 2.205647081136703491e-01
3.917230963706970215e-01 2.204002588987350464e-01
3.930264115333557129e-01 2.202153205871582031e-01
3.941250741481781006e-01 2.200581282377243042e-01
3.953775763511657715e-01 2.198778986930847168e-01
3.963100314140319824e-01 2.197430580854415894e-01
3.977829813957214355e-01 2.195283770561218262e-01
3.991608321666717529e-01 2.193260043859481812e-01
3.999688923358917236e-01 2.192066013813018799e-01
4.007108509540557861e-01 2.190965712070465088e-01
4.021735787391662598e-01 2.188780456781387329e-01
4.038719534873962402e-01 2.186224013566970825e-01
4.041455686092376709e-01 2.185810357332229614e-01
4.059332907199859619e-01 2.183087170124053955e-01
4.071650505065917969e-01 2.181197255849838257e-01
4.081486165523529053e-01 2.179680317640304565e-01
4.093746244907379150e-01 2.177776098251342773e-01
4.097906351089477539e-01 2.177127152681350708e-01
4.117814302444458008e-01 2.174002379179000854e-01
4.125972986221313477e-01 2.172713279724121094e-01
4.140646457672119141e-01 2.170378416776657104e-01
4.153771400451660156e-01 2.168278098106384277e-01
4.155523777008056641e-01 2.167995721101760864e-01
4.172025322914123535e-01 2.165330946445465088e-01
4.185477495193481445e-01 2.163141965866088867e-01
4.193094968795776367e-01 2.161895781755447388e-01
4.209372699260711670e-01 2.159216254949569702e-01
4.216870665550231934e-01 2.157976031303405762e-01
4.229629635810852051e-01 2.155853658914566040e-01
4.240159988403320312e-01 2.154091298580169678e-01
4.253686070442199707e-01 2.151813954114913940e-01
4.259796440601348877e-01 2.150781750679016113e-01
4.276337921619415283e-01 2.147969901561737061e-01
4.282584190368652344e-01 2.146902382373809814e-01
4.298039674758911133e-01 2.144245207309722900e-01
4.312547445297241211e-01 2.141735553741455078e-01
4.323599636554718018e-01 2.139811664819717407e-01
4.324947893619537354e-01 2.139576375484466553e-01
4.340219497680664062e-01 2.136900722980499268e-01
4.349938929080963135e-01 2.135188132524490356e-01
4.364466667175292969e-01 2.132612615823745728e-01
4.370484054088592529e-01 2.131540924310684204e-01
4.382730722427368164e-01 2.129352390766143799e-01
4.398423135280609131e-01 2.126528024673461914e-01
4.405674338340759277e-01 2.125216871500015259e-01
4.418081343173980713e-01 2.122963666915893555e-01
4.437839984893798828e-01 2.119350433349609375e-01
4.441172480583190918e-01 2.118737250566482544e-01
4.456358850002288818e-01 2.115935236215591431e-01
4.470617175102233887e-01 2.113287448883056641e-01
4.475682675838470459e-01 2.112342268228530884e-01
4.485109448432922363e-01 2.110578417778015137e-01
4.503739774227142334e-01 2.107072472572326660e-01
4.512923955917358398e-01 2.105334401130676270e-01
4.522724151611328125e-01 2.103472203016281128e-01
4.534747600555419922e-01 2.101178020238876343e-01
4.542806148529052734e-01 2.099634110927581787e-01
4.555446803569793701e-01 2.097200602293014526e-01
4.567496180534362793e-01 2.094870656728744507e-01
4.578810930252075195e-01 2.092671841382980347e-01
4.594145119190216064e-01 2.089675068855285645e-01
4.600543677806854248e-01 2.088419646024703979e-01
4.617620110511779785e-01 2.085054367780685425e-01
4.626533389091491699e-01 2.083288431167602539e-01
4.642316401004791260e-01 2.080147117376327515e-01
4.645406305789947510e-01 2.079530209302902222e-01
4.662256538867950439e-01 2.076149433851242065e-01
4.672161936759948730e-01 2.074154466390609741e-01
4.682005345821380615e-01 2.072162032127380371e-01
4.694562554359436035e-01 2.069610804319381714e-01
4.702082276344299316e-01 2.068077325820922852e-01
4.711163043975830078e-01 2.066222429275512695e-01
4.722640216350555420e-01 2.063862979412078857e-01
4.744229912757873535e-01 2.059405446052551270e-01
4.747034013271331787e-01 2.058823108673095703e-01
4.759365618228912354e-01 2.056257724761962891e-01
4.771403074264526367e-01 2.053742557764053345e-01
4.784981012344360352e-01 2.050893306732177734e-01
4.796439111232757568e-01 2.048477232456207275e-01
4.811567068099975586e-01 2.045273184776306152e-01
4.814562201499938965e-01 2.044637203216552734e-01
4.834314286708831787e-01 2.040425240993499756e-01
4.845369458198547363e-01 2.038055062294006348e-01
4.851225018501281738e-01 2.036795914173126221e-01
4.866052269935607910e-01 2.033597528934478760e-01
4.878601729869842529e-01 2.030878216028213501e-01
4.886924922466278076e-01 2.029068768024444580e-01
4.901465773582458496e-01 2.025893330574035645e-01
4.904612004756927490e-01 2.025204449892044067e-01
4.924491047859191895e-01 2.020835429430007935e-01
4.928545057773590088e-01 2.019941806793212891e-01
4.940409958362579346e-01 2.017317712306976318e-01
4.951239824295043945e-01 2.014913856983184814e-01
4.962779879570007324e-01 2.012343257665634155e-01
4.975675344467163086e-01 2.009462118148803711e-01
4.991503655910491943e-01 2.005906105041503906e-01
4.995461702346801758e-01 2.005013674497604370e-01
5.014221668243408203e-01 2.000772356986999512e-01
5.025673508644104004e-01 1.998172402381896973e-01
5.034679770469665527e-01 1.996119469404220581e-01
5.046397447586059570e-01 1.993442624807357788e-01
5.058155059814453125e-01 1.990747004747390747e-01
5.062505006790161133e-01 1.989746540784835815e-01
5.079706311225891113e-01 1.985780149698257446e-01
5.085585713386535645e-01 1.984419673681259155e-01
5.104483962059020996e-01 1.980032920837402344e-01
5.114737153053283691e-01 1.977641284465789795e-01
5.126345753669738770e-01 1.974927037954330444e-01
5.135780572891235352e-01 1.972713619470596313e-01
5.148807168006896973e-01 1.969648152589797974e-01
5.157320499420166016e-01 1.967637985944747925e-01
5.166171789169311523e-01 1.965544521808624268e-01
5.180622339248657227e-01 1.962112635374069214e-01
5.198456048965454102e-01 1.957860887050628662e-01
5.204642415046691895e-01 1.956382840871810913e-01
5.221020579338073730e-01 1.952450722455978394e-01
5.224941968917846680e-01 1.951508074998855591e-01
5.233878493309020996e-01 1.949354261159896851e-01
5.247607231140136719e-01 1.946036070585250854e-01
5.265265107154846191e-01 1.941749900579452515e-01
5.277677178382873535e-01 1.938725560903549194e-01
5.287529826164245605e-01 1.936317235231399536e-01
5.290622711181640625e-01 1.935560256242752075e-01
5.303205847740173340e-01 1.932474225759506226e-01
5.321567654609680176e-01 1.927951276302337646e-01
5.324420928955078125e-01 1.927246749401092529e-01
5.342779159545898438e-01 1.922701597213745117e-01
5.350422859191894531e-01 1.920802891254425049e-01
5.368860363960266113e-01 1.916209310293197632e-01
5.371967554092407227e-01 1.915432065725326538e-01
5.391158461570739746e-01 1.910625398159027100e-01
5.396283268928527832e-01 1.909336298704147339e-01
5.408021211624145508e-01 1.906379163265228271e-01
5.420001149177551270e-01 1.903355270624160767e-01
5.431161522865295410e-01 1.900528818368911743e-01
5.437263846397399902e-01 1.898980587720870972e-01
5.451326966285705566e-01 1.895403116941452026e-01
5.466930866241455078e-01 1.891420930624008179e-01
5.476537942886352539e-01 1.888961046934127808e-01
5.483331084251403809e-01 1.887219399213790894e-01
5.498771071434020996e-01 1.883250474929809570e-01
5.507450699806213379e-01 1.881010532379150391e-01
5.518990159034729004e-01 1.878028213977813721e-01
5.533704161643981934e-01 1.874214261770248413e-01
5.545297861099243164e-01 1.871198713779449463e-01
5.561041831970214844e-01 1.867093592882156372e-01
5.567486286163330078e-01 1.865406930446624756e-01
5.580245256423950195e-01 1.862064898014068604e-01
5.589618682861328125e-01 1.859601885080337524e-01
5.604265928268432617e-01 1.855743676424026489e-01
5.617052912712097168e-01 1.852366477251052856e-01
5.622437000274658203e-01 1.850941628217697144e-01
5.637693405151367188e-01 1.846895068883895874e-01
5.643731951713562012e-01 1.845289170742034912e-01
5.663514137268066406e-01 1.840014159679412842e-01
5.669640302658081055e-01 1.838375926017761230e-01
5.676751732826232910e-01 1.836472749710083008e-01
5.692937374114990234e-01 1.832127124071121216e-01
5.700915455818176270e-01 1.829979717731475830e-01
5.720701813697814941e-01 1.824638992547988892e-01
5.731877684593200684e-01 1.821612566709518433e-01
5.737323760986328125e-01 1.820136457681655884e-01
5.747877955436706543e-01 1.817267984151840210e-01
5.760193467140197754e-01 1.813914477825164795e-01
5.776957869529724121e-01 1.809333711862564087e-01
5.783451199531555176e-01 1.807555556297302246e-01
5.797021985054016113e-01 1.803832799196243286e-01
5.800470709800720215e-01 1.802884638309478760e-01
5.821359157562255859e-01 1.797127872705459595e-01
5.827143788337707520e-01 1.795530468225479126e-01
5.834525823593139648e-01 1.793487668037414551e-01
5.856545567512512207e-01 1.787377595901489258e-01
5.858688950538635254e-01 1.786781549453735352e-01
5.875723958015441895e-01 1.782032251358032227e-01
5.886873602867126465e-01 1.778916120529174805e-01
5.891376137733459473e-01 1.777655184268951416e-01
5.910425186157226562e-01 1.772311031818389893e-01
5.915115475654602051e-01 1.770991981029510498e-01
5.928691029548645020e-01 1.767166554927825928e-01
5.943415760993957520e-01 1.763006299734115601e-01
5.954980254173278809e-01 1.759729832410812378e-01
5.962662100791931152e-01 1.757550239562988281e-01
5.980638861656188965e-01 1.752435266971588135e-01
5.983976721763610840e-01 1.751482337713241577e-01
6.004345417022705078e-01 1.745660156011581421e-01
6.005517840385437012e-01 1.745325177907943726e-01
6.017730832099914551e-01 1.741822808980941772e-01
6.034273505210876465e-01 1.737064868211746216e-01
6.047933101654052734e-01 1.733124852180480957e-01
6.057272553443908691e-01 1.730425059795379639e-01
6.064724922180175781e-01 1.728267222642898560e-01
6.074156165122985840e-01 1.725532412528991699e-01
6.088533401489257812e-01 1.721353083848953247e-01
6.101715564727783203e-01 1.717510372400283813e-01
6.114245653152465820e-01 1.713849157094955444e-01
6.122118830680847168e-01 1.711545437574386597e-01
6.133775115013122559e-01 1.708126217126846313e-01
6.144663691520690918e-01 1.704925149679183960e-01
6.155531406402587891e-01 1.701724678277969360e-01
6.165458559989929199e-01 1.698793470859527588e-01
6.178433895111083984e-01 1.694956272840499878e-01
6.195768713951110840e-01 1.689813584089279175e-01
6.207451224327087402e-01 1.686338335275650024e-01
6.219019889831542969e-01 1.682886928319931030e-01
6.224899888038635254e-01 1.681132614612579346e-01
6.233009099960327148e-01 1.678706407546997070e-01
6.244841217994689941e-01 1.675163507461547852e-01
6.263746023178100586e-01 1.669480204582214355e-01
6.276619434356689453e-01 1.665600985288619995e-01
6.280245780944824219e-01 1.664505004882812500e-01
6.295609474182128906e-01 1.659859269857406616e-01
6.308778524398803711e-01 1.655864566564559937e-01
6.318407654762268066e-01 1.652938425540924072e-01
6.331131458282470703e-01 1.649062335491180420e-01
6.335445046424865723e-01 1.647747308015823364e-01
6.348066926002502441e-01 1.643889695405960083e-01
6.364160180091857910e-01 1.638957560062408447e-01
6.369842290878295898e-01 1.637212634086608887e-01
6.380113363265991211e-01 1.634054183959960938e-01
6.399728655815124512e-01 1.628004610538482666e-01
6.403731107711791992e-01 1.626767069101333618e-01
6.413232684135437012e-01 1.623825728893280029e-01
6.427235007286071777e-01 1.619482338428497314e-01
6.446068882942199707e-01 1.613621115684509277e-01
6.457574963569641113e-01 1.610029935836791992e-01
6.464998126029968262e-01 1.607708334922790527e-01
6.471778154373168945e-01 1.605586856603622437e-01
6.490089297294616699e-01 1.599837839603424072e-01
6.495195627212524414e-01 1.598230600357055664e-01
6.509327888488769531e-01 1.593776494264602661e-01
6.526117920875549316e-01 1.588469147682189941e-01
6.534598469734191895e-01 1.585781425237655640e-01
6.545350551605224609e-01 1.582368463277816772e-01
6.551146507263183594e-01 1.580525040626525879e-01
6.571681499481201172e-01 1.573977470397949219e-01
6.573549509048461914e-01 1.573380380868911743e-01
6.584748029708862305e-01 1.569799035787582397e-01
6.601221561431884766e-01 1.564514040946960449e-01
6.614614725112915039e-01 1.560203582048416138e-01
6.625180244445800781e-01 1.556796431541442871e-01
6.628935933113098145e-01 1.555584371089935303e-01
6.648843884468078613e-01 1.549140363931655884e-01
6.651955246925354004e-01 1.548131108283996582e-01
6.667754650115966797e-01 1.542995125055313110e-01
6.676841378211975098e-01 1.540035009384155273e-01
6.693660020828247070e-01 1.534541398286819458e-01
6.705070734024047852e-01 1.530802994966506958e-01
6.718475818634033203e-01 1.526401340961456299e-01
6.721782684326171875e-01 1.525313407182693481e-01
6.731545329093933105e-01 1.522098183631896973e-01
6.752783656120300293e-01 1.515081971883773804e-01
6.755429506301879883e-01 1.514205187559127808e-01
6.768832206726074219e-01 1.509760022163391113e-01
6.784430742263793945e-01 1.504571884870529175e-01
6.788459420204162598e-01 1.503229290246963501e-01
6.803147792816162109e-01 1.498325020074844360e-01
6.812807917594909668e-01 1.495092213153839111e-01
6.824959516525268555e-01 1.491016298532485962e-01
6.835374236106872559e-01 1.487515121698379517e-01
6.848161220550537109e-01 1.483205109834671021e-01
6.863096356391906738e-01 1.478158533573150635e-01
6.876161098480224609e-01 1.473732441663742065e-01
6.883464455604553223e-01 1.471252590417861938e-01
6.900677680969238281e-01 1.465393304824829102e-01
6.902494430541992188e-01 1.464774012565612793e-01
6.917172074317932129e-01 1.459761112928390503e-01
6.932234764099121094e-01 1.454600393772125244e-01
6.945128440856933594e-01 1.450171172618865967e-01
6.956519484519958496e-01 1.446247100830078125e-01
6.967220306396484375e-01 1.442553550004959106e-01
6.977640390396118164e-01 1.438949704170227051e-01
6.983003616333007812e-01 1.437092125415802002e-01
7.000075578689575195e-01 1.431164294481277466e-01
7.013346552848815918e-01 1.426541656255722046e-01
7.022581696510314941e-01 1.423318982124328613e-01
7.026970386505126953e-01 1.421784609556198120e-01
7.037915587425231934e-01 1.417953968048095703e-01
7.049399614334106445e-01 1.413923650979995728e-01
7.060714960098266602e-01 1.409944593906402588e-01
7.072269320487976074e-01 1.405871808528900146e-01
7.085157632827758789e-01 1.401317864656448364e-01
7.095167040824890137e-01 1.397772729396820068e-01
7.109265327453613281e-01 1.392768770456314087e-01
7.122132778167724609e-01 1.388189494609832764e-01
7.134075760841369629e-01 1.383927315473556519e-01
7.144963741302490234e-01 1.380032747983932495e-01
7.159855365753173828e-01 1.374693214893341064e-01
7.170462012290954590e-01 1.370880305767059326e-01
7.183098793029785156e-01 1.366327553987503052e-01
7.186271548271179199e-01 1.365181952714920044e-01
7.196469306945800781e-01 1.361498385667800903e-01
7.214084267616271973e-01 1.355115026235580444e-01
7.228451967239379883e-01 1.349893063306808472e-01
7.230989933013916016e-01 1.348969340324401855e-01
7.252135872840881348e-01 1.341252475976943970e-01
7.257332205772399902e-01 1.339351087808609009e-01
7.268949151039123535e-01 1.335093826055526733e-01
7.282981872558593750e-01 1.329938322305679321e-01
7.295880317687988281e-01 1.325187385082244873e-01
7.301974296569824219e-01 1.322938948869705200e-01
7.315741181373596191e-01 1.317847967147827148e-01
7.332099676132202148e-01 1.311782151460647583e-01
7.332869172096252441e-01 1.311496198177337646e-01
7.344249486923217773e-01 1.307264268398284912e-01
7.355387210845947266e-01 1.303113698959350586e-01
7.373690009117126465e-01 1.296273767948150635e-01
7.385931611061096191e-01 1.291684657335281372e-01
7.399812936782836914e-01 1.286469846963882446e-01
7.409159541130065918e-01 1.282950192689895630e-01
7.416405081748962402e-01 1.280216872692108154e-01
7.424695491790771484e-01 1.277086138725280762e-01
7.444492578506469727e-01 1.269587725400924683e-01
7.449478507041931152e-01 1.267695575952529907e-01
7.465099692344665527e-01 1.261754930019378662e-01
7.472217679023742676e-01 1.259042471647262573e-01
7.485855817794799805e-01 1.253836154937744141e-01
7.492437958717346191e-01 1.251316666603088379e-01
7.510142922401428223e-01 1.244529262185096741e-01
7.514477968215942383e-01 1.242864280939102173e-01
7.526796460151672363e-01 1.238125264644622803e-01
7.539283633232116699e-01 1.233310848474502563e-01
7.554656863212585449e-01 1.227366551756858826e-01
7.567210793495178223e-01 1.222503259778022766e-01
7.579483985900878906e-01 1.217736154794692993e-01
7.585213184356689453e-01 1.215508207678794861e-01
7.603516578674316406e-01 1.208373978734016418e-01
7.606254220008850098e-01 1.207304745912551880e-01
7.618369460105895996e-01 1.202568039298057556e-01
7.627964019775390625e-01 1.198810115456581116e-01
7.649635076522827148e-01 1.190297976136207581e-01
7.655132412910461426e-01 1.188134327530860901e-01
7.672194242477416992e-01 1.181405261158943176e-01
7.682451009750366211e-01 1.177350655198097229e-01
7.685254812240600586e-01 1.176241040229797363e-01
7.700895071029663086e-01 1.170041859149932861e-01
7.710481882095336914e-01 1.166234686970710754e-01
7.726303935050964355e-01 1.159937456250190735e-01
7.735550999641418457e-01 1.156251057982444763e-01
7.746261954307556152e-01 1.151972636580467224e-01
7.760083675384521484e-01 1.146441474556922913e-01
7.767387628555297852e-01 1.143513917922973633e-01
7.782600522041320801e-01 1.137405931949615479e-01
7.791255712509155273e-01 1.133923903107643127e-01
7.802529931068420410e-01 1.129382699728012085e-01
7.818866968154907227e-01 1.122786924242973328e-01
7.822709679603576660e-01 1.121233031153678894e-01
7.834883332252502441e-01 1.116305142641067505e-01
7.852186560630798340e-01 1.109285950660705566e-01
7.863585352897644043e-01 1.104652136564254761e-01
7.870633006095886230e-01 1.101783812046051025e-01
7.883819937705993652e-01 1.096407175064086914e-01
7.894657254219055176e-01 1.091983392834663391e-01
7.906180024147033691e-01 1.087271273136138916e-01
7.916216850280761719e-01 1.083160489797592163e-01
7.933322787284851074e-01 1.076141819357872009e-01
7.941377162933349609e-01 1.072832047939300537e-01
7.952871322631835938e-01 1.068101599812507629e-01
7.966860532760620117e-01 1.062335669994354248e-01
7.974228858947753906e-01 1.059294342994689941e-01
7.981114387512207031e-01 1.056448891758918762e-01
7.996082901954650879e-01 1.050258129835128784e-01
8.009401559829711914e-01 1.044737771153450012e-01
8.018029332160949707e-01 1.041157692670822144e-01
8.030175566673278809e-01 1.036111786961555481e-01
8.043896555900573730e-01 1.030402705073356628e-01
8.053362965583801270e-01 1.026457846164703369e-01
8.065711259841918945e-01 1.021306663751602173e-01
8.072161674499511719e-01 1.018612608313560486e-01
8.082036375999450684e-01 1.014484986662864685e-01
8.098969459533691406e-01 1.007396504282951355e-01
8.106390833854675293e-01 1.004285588860511780e-01
8.126804828643798828e-01 9.957171976566314697e-02
8.132061362266540527e-01 9.935077279806137085e-02
8.142910599708557129e-01 9.889438748359680176e-02
8.158598542213439941e-01 9.823358803987503052e-02
8.169153332710266113e-01 9.778850525617599487e-02
8.178267478942871094e-01 9.740380197763442993e-02
8.191316723823547363e-01 9.685245156288146973e-02
8.203725218772888184e-01 9.632752090692520142e-02
8.214664459228515625e-01 9.586430341005325317e-02
8.219804167747497559e-01 9.564650803804397583e-02
8.237264156341552734e-01 9.490592777729034424e-02
8.241828083992004395e-01 9.471224993467330933e-02
8.254746198654174805e-01 9.416349977254867554e-02
8.266100287437438965e-01 9.368065744638442993e-02
8.277261853218078613e-01 9.320572018623352051e-02
8.287501931190490723e-01 9.276956319808959961e-02
8.298129439353942871e-01 9.231672435998916626e-02
8.315368890762329102e-01 9.158125519752502441e-02
8.329845070838928223e-01 9.096308052539825439e-02
8.333682417869567871e-01 9.079903364181518555e-02
8.346871137619018555e-01 9.023527801036834717e-02
8.354306221008300781e-01 8.991723507642745972e-02
8.375648856163024902e-01 8.900360763072967529e-02
8.381021022796630859e-01 8.877352625131607056e-02
8.394744396209716797e-01 8.818536251783370972e-02
8.401379585266113281e-01 8.790082484483718872e-02
8.416602015495300293e-01 8.724781125783920288e-02
8.426310420036315918e-01 8.683113753795623779e-02
8.440506458282470703e-01 8.622161298990249634e-02
8.451365232467651367e-01 8.575510978698730469e-02
8.466581702232360840e-01 8.510112017393112183e-02
8.474898338317871094e-01 8.474361896514892578e-02
8.486576080322265625e-01 8.424143493175506592e-02
8.500908017158508301e-01 8.362497389316558838e-02
8.508492112159729004e-01 8.329869061708450317e-02
8.516656160354614258e-01 8.294744789600372314e-02
8.529365658760070801e-01 8.240044862031936646e-02
8.539860844612121582e-01 8.194871246814727783e-02
8.549429178237915039e-01 8.153685182332992554e-02
8.565020561218261719e-01 8.086570352315902710e-02
8.581125140190124512e-01 8.017245680093765259e-02
8.584377765655517578e-01 8.003241568803787231e-02
8.592706918716430664e-01 7.967388629913330078e-02
8.614567518234252930e-01 7.873303443193435669e-02
8.619998693466186523e-01 7.849930226802825928e-02
8.630506396293640137e-01 7.804721593856811523e-02
8.638350963592529297e-01 7.770973443984985352e-02
8.656662106513977051e-01 7.692231982946395874e-02
8.665206432342529297e-01 7.655508071184158325e-02
8.680279850959777832e-01 7.590731978416442871e-02
8.691744804382324219e-01 7.541493326425552368e-02
8.705459833145141602e-01 7.482616603374481201e-02
8.715815544128417969e-01 7.438195496797561646e-02
8.728429675102233887e-01 7.384107261896133423e-02
8.739246726036071777e-01 7.337753474712371826e-02
8.747501969337463379e-01 7.302399724721908569e-02
8.754047751426696777e-01 7.274386286735534668e-02
8.772127628326416016e-01 7.197062671184539795e-02
8.781927824020385742e-01 7.155187427997589111e-02
8.792376518249511719e-01 7.110589742660522461e-02
8.808010816574096680e-01 7.043913751840591431e-02
8.811286091804504395e-01 7.029964029788970947e-02
8.829261660575866699e-01 6.953451782464981079e-02
8.839972019195556641e-01 6.907933205366134644e-02
8.845260739326477051e-01 6.885473430156707764e-02
8.859680294990539551e-01 6.824305653572082520e-02
8.869469761848449707e-01 6.782838702201843262e-02
8.885598182678222656e-01 6.714628636837005615e-02
8.896216750144958496e-01 6.669796258211135864e-02
8.905252218246459961e-01 6.631705164909362793e-02
8.914783000946044922e-01 6.591577827930450439e-02
8.931716084480285645e-01 6.520423293113708496e-02
8.942328095436096191e-01 6.475932896137237549e-02
8.950476646423339844e-01 6.441817432641983032e-02
8.957659006118774414e-01 6.411788612604141235e-02
8.975709676742553711e-01 6.336504966020584106e-02
8.985870480537414551e-01 6.294237077236175537e-02
8.992615938186645508e-01 6.266222894191741943e-02
9.002837538719177246e-01 6.223845481872558594e-02
9.017369151115417480e-01 6.163766235113143921e-02
9.024429321289062500e-01 6.134644523262977600e-02
9.039136767387390137e-01 6.074137985706329346e-02
9.049937725067138672e-01 6.029836460947990417e-02
9.060153961181640625e-01 5.988040938973426819e-02
9.069429039955139160e-01 5.950193479657173157e-02
9.087043404579162598e-01 5.878595262765884399e-02
9.094247817993164062e-01 5.849409103393554688e-02
9.109383821487426758e-01 5.788311734795570374e-02
9.122094511985778809e-01 5.737223103642463684e-02
9.131942391395568848e-01 5.697786808013916016e-02
9.139599800109863281e-01 5.667219310998916626e-02
9.152164459228515625e-01 5.617235228419303894e-02
9.170545339584350586e-01 5.544532835483551025e-02
9.174619317054748535e-01 5.528495088219642639e-02
9.184886217117309570e-01 5.488174036145210266e-02
9.203236103057861328e-01 5.416549369692802429e-02
9.212104678153991699e-01 5.382137373089790344e-02
9.224732518196105957e-01 5.333386361598968506e-02
9.236602187156677246e-01 5.287816375494003296e-02
9.248139262199401855e-01 5.243793502449989319e-02
9.251018166542053223e-01 5.232845991849899292e-02
9.270561933517456055e-01 5.158979073166847229e-02
9.278486967086791992e-01 5.129257217049598694e-02
9.295735955238342285e-01 5.065032094717025757e-02
9.298124313354492188e-01 5.056191980838775635e-02
9.311791062355041504e-01 5.005861073732376099e-02
9.327781200408935547e-01 4.947536438703536987e-02
9.336071610450744629e-01 4.917546734213829041e-02
9.347743391990661621e-01 4.875611141324043274e-02
9.361522197723388672e-01 4.826582223176956177e-02
9.366543292999267578e-01 4.808841273188591003e-02
9.381223320960998535e-01 4.757367074489593506e-02
9.390544295310974121e-01 4.725008085370063782e-02
9.404476881027221680e-01 4.677109047770500183e-02
9.416077136993408203e-01 4.637691006064414978e-02
9.423534274101257324e-01 4.612562060356140137e-02
9.442916512489318848e-01 4.548098146915435791e-02
9.445749521255493164e-01 4.538780078291893005e-02
9.455420374870300293e-01 4.507171362638473511e-02
9.471892118453979492e-01 4.454080015420913696e-02
9.489016532897949219e-01 4.399898648262023926e-02
9.499272108078002930e-01 4.367971792817115784e-02
9.506362676620483398e-01 4.346130788326263428e-02
9.520633220672607422e-01 4.302749037742614746e-02
9.527513384819030762e-01 4.282118380069732666e-02
9.542145729064941406e-01 4.238870367407798767e-02
9.550194144248962402e-01 4.215450584888458252e-02
9.567408561706542969e-01 4.166274517774581909e-02
9.578928947448730469e-01 4.134058952331542969e-02
9.587378501892089844e-01 4.110791534185409546e-02
9.602352380752563477e-01 4.070338979363441467e-02
9.608677029609680176e-01 4.053551703691482544e-02
9.625026583671569824e-01 4.010985046625137329e-02
9.627038240432739258e-01 4.005838558077812195e-02
9.646101593971252441e-01 3.957936540246009827e-02
9.658349156379699707e-01 3.928064554929733276e-02
9.664784669876098633e-01 3.912645205855369568e-02
9.673207998275756836e-01 3.892765939235687256e-02
9.684045314788818359e-01 3.867687284946441650e-02
9.695203304290771484e-01 3.842459619045257568e-02
9.706422686576843262e-01 3.817694634199142456e-02
9.721578955650329590e-01 3.785200417041778564e-02
9.728779196739196777e-01 3.770158812403678894e-02
9.749729037284851074e-01 3.727813810110092163e-02
9.760358929634094238e-01 3.707137331366539001e-02
9.772472381591796875e-01 3.684228286147117615e-02
9.780492782592773438e-01 3.669448569416999817e-02
9.790180325508117676e-01 3.651994466781616211e-02
9.800564050674438477e-01 3.633778169751167297e-02
9.812384843826293945e-01 3.613633289933204651e-02
9.821850061416625977e-01 3.597966954112052917e-02
9.832886457443237305e-01 3.580190613865852356e-02
9.846858382225036621e-01 3.558445721864700317e-02
9.853591322898864746e-01 3.548254072666168213e-02
9.865055084228515625e-01 3.531334549188613892e-02
9.885110259056091309e-01 3.502961620688438416e-02
9.896103143692016602e-01 3.488036245107650757e-02
9.904584288597106934e-01 3.476800769567489624e-02
9.910007119178771973e-01 3.469743952155113220e-02
9.922585487365722656e-01 3.453725203871726990e-02
9.938496947288513184e-01 3.434116020798683167e-02
9.948167204856872559e-01 3.422509878873825073e-02
9.960242509841918945e-01 3.408320620656013489e-02
9.976912140846252441e-01 3.389182686805725098e-02
9.982218742370605469e-01 3.383189439773559570e-02
9.996916055679321289e-01 3.366732969880104065e-02
