1.417071674950420856e-03 4.989826586097478867e-03
3.296042326837778091e-03 4.952953197062015533e-03
6.393178366124629974e-03 4.891213960945606232e-03
7.245919667184352875e-03 4.874012898653745651e-03
9.371110238134860992e-03 4.830784164369106293e-03
1.189957559108734131e-02 4.778697621077299118e-03
1.404986437410116196e-02 4.733886104077100754e-03
1.761901006102561951e-02 4.658504389226436615e-03
1.888171583414077759e-02 4.631557967513799667e-03
2.072610706090927124e-02 4.591950215399265289e-03
2.465365268290042877e-02 4.506697878241539001e-03
2.602996490895748138e-02 4.476561676710844040e-03
2.753967233002185822e-02 4.443353042006492615e-03
3.150985017418861389e-02 4.355369601398706436e-03
3.205346688628196716e-02 4.343256819993257523e-03
3.604872524738311768e-02 4.253792576491832733e-03
3.711993619799613953e-02 4.229690413922071457e-03
4.063031449913978577e-02 4.150432534515857697e-03
4.211870580911636353e-02 4.116717725992202759e-03
4.521356150507926941e-02 4.046474117785692215e-03
4.647777229547500610e-02 4.017733037471771240e-03
4.899265244603157043e-02 3.960519097745418549e-03
5.035215988755226135e-02 3.929571248590946198e-03
5.266365408897399902e-02 3.876967122778296471e-03
5.553892627358436584e-02 3.811575472354888916e-03
5.745774507522583008e-02 3.767992369830608368e-03
5.952441692352294922e-02 3.721121232956647873e-03
6.334327906370162964e-02 3.634800203144550323e-03
6.365198642015457153e-02 3.627841593697667122e-03
6.640631705522537231e-02 3.565902123227715492e-03
6.814783066511154175e-02 3.526895539835095406e-03
7.046499103307723999e-02 3.475202713161706924e-03
7.376727461814880371e-02 3.401997266337275505e-03
7.579140365123748779e-02 3.357426961883902550e-03
7.880320399999618530e-02 3.291581058874726295e-03
7.950507104396820068e-02 3.276321105659008026e-03
8.339861780405044556e-02 3.192303003743290901e-03
8.600495010614395142e-02 3.136701649054884911e-03
8.804009854793548584e-02 3.093663370236754417e-03
8.992791920900344849e-02 3.054051194339990616e-03
9.295526891946792603e-02 2.991185756400227547e-03
9.409242123365402222e-02 2.967787208035588264e-03
9.545287489891052246e-02 2.939959056675434113e-03
9.869169443845748901e-02 2.874421654269099236e-03
1.015274450182914734e-01 2.817898057401180267e-03
1.031105965375900269e-01 2.786711789667606354e-03
1.049711257219314575e-01 2.750393701717257500e-03
1.085936948657035828e-01 2.680767094716429710e-03
1.096833869814872742e-01 2.660101279616355896e-03
1.118833050131797791e-01 2.618804341182112694e-03
1.146085336804389954e-01 2.568407915532588959e-03
1.160940825939178467e-01 2.541305730119347572e-03
1.201800778508186340e-01 2.468101214617490768e-03
1.209151074290275574e-01 2.455147914588451385e-03
1.245349347591400146e-01 2.392304129898548126e-03
1.255089938640594482e-01 2.375663956627249718e-03
1.283628791570663452e-01 2.327590482309460640e-03
1.302172243595123291e-01 2.296895952895283699e-03
1.336336880922317505e-01 2.241463633254170418e-03
1.340366303920745850e-01 2.235022839158773422e-03
1.379660516977310181e-01 2.173270564526319504e-03
1.404049247503280640e-01 2.135923132300376892e-03
1.410530358552932739e-01 2.126116538420319557e-03
1.437545716762542725e-01 2.085826825350522995e-03
1.464481353759765625e-01 2.046569017693400383e-03
1.482798010110855103e-01 2.020382089540362358e-03
1.498293429613113403e-01 1.998565159738063812e-03
1.531885564327239990e-01 1.952270278707146645e-03
1.561744958162307739e-01 1.912278123199939728e-03
1.565119624137878418e-01 1.907824305817484856e-03
1.603682935237884521e-01 1.857931842096149921e-03
1.612929254770278931e-01 1.846232218667864799e-03
1.651826351881027222e-01 1.798126962967216969e-03
1.670619100332260132e-01 1.775517011992633343e-03
1.678403019905090332e-01 1.766276080161333084e-03
1.701073050498962402e-01 1.739747356623411179e-03
1.733196228742599487e-01 1.703156623989343643e-03
1.767988055944442749e-01 1.664814073592424393e-03
1.786572784185409546e-01 1.644878182560205460e-03
1.803965121507644653e-01 1.626557670533657074e-03
1.835292875766754150e-01 1.594358240254223347e-03
1.847921609878540039e-01 1.581670483574271202e-03
1.869800239801406860e-01 1.560071134008467197e-03
1.895210891962051392e-01 1.535589341074228287e-03
1.917625516653060913e-01 1.514522358775138855e-03
1.930563747882843018e-01 1.502584549598395824e-03
1.957442760467529297e-01 1.478298800066113472e-03
1.984310448169708252e-01 1.454688259400427341e-03
1.996653974056243896e-01 1.444061170332133770e-03
2.019385397434234619e-01 1.424857648089528084e-03
2.041821628808975220e-01 1.406344235874712467e-03
2.082034796476364136e-01 1.374235143885016441e-03
2.092411816120147705e-01 1.366172451525926590e-03
2.121433466672897339e-01 1.344075659289956093e-03
2.150284945964813232e-01 1.322770607657730579e-03
2.155002057552337646e-01 1.319345436058938503e-03
2.187556326389312744e-01 1.296182977966964245e-03
2.202130854129791260e-01 1.286064856685698032e-03
2.223651409149169922e-01 1.271401182748377323e-03
2.253412902355194092e-01 1.251664711162447929e-03
2.288695424795150757e-01 1.229040557518601418e-03
2.300174832344055176e-01 1.221854123286902905e-03
2.320450097322463989e-01 1.209364272654056549e-03
2.348948717117309570e-01 1.192245515994727612e-03
2.376916408538818359e-01 1.175915705971419811e-03
2.399158179759979248e-01 1.163253677077591419e-03
2.415614277124404907e-01 1.154064200818538666e-03
2.443027794361114502e-01 1.139083993621170521e-03
2.469340562820434570e-01 1.125077600590884686e-03
2.490688562393188477e-01 1.113976817578077316e-03
2.511762380599975586e-01 1.103237154893577099e-03
2.520192563533782959e-01 1.099002547562122345e-03
2.542566955089569092e-01 1.087926211766898632e-03
2.572238445281982422e-01 1.073581865057349205e-03
2.591327726840972900e-01 1.064565149135887623e-03
2.627146542072296143e-01 1.048055943101644516e-03
2.630476355552673340e-01 1.046547899022698402e-03
2.654643058776855469e-01 1.035743393003940582e-03
2.687001526355743408e-01 1.021619071252644062e-03
2.716372311115264893e-01 1.009145984426140785e-03
2.732989788055419922e-01 1.002220786176621914e-03
2.751779854297637939e-01 9.945032652467489243e-04
2.768294513225555420e-01 9.878237033262848854e-04
2.800776660442352295e-01 9.749397868290543556e-04
2.831006050109863281e-01 9.632435394451022148e-04
2.835327982902526855e-01 9.615957387723028660e-04
2.878039181232452393e-01 9.455864783376455307e-04
2.898793518543243408e-01 9.379868861287832260e-04
2.915517389774322510e-01 9.319537202827632427e-04
2.936010062694549561e-01 9.246527333743870258e-04
2.964598238468170166e-01 9.146468364633619785e-04
2.990629971027374268e-01 9.057087008841335773e-04
3.002789318561553955e-01 9.015856194309890270e-04
3.025707304477691650e-01 8.939039544202387333e-04
3.048366308212280273e-01 8.864253759384155273e-04
3.082804381847381592e-01 8.752613794058561325e-04
3.090896010398864746e-01 8.726728265173733234e-04
3.114618659019470215e-01 8.651580428704619408e-04
3.140152692794799805e-01 8.571887155994772911e-04
3.172117471694946289e-01 8.473777561448514462e-04
3.192901313304901123e-01 8.410937152802944183e-04
3.210508227348327637e-01 8.358244667761027813e-04
3.241243362426757812e-01 8.267494849860668182e-04
3.249652087688446045e-01 8.242916082963347435e-04
3.277687728404998779e-01 8.161744335666298866e-04
3.308725357055664062e-01 8.073240169323980808e-04
3.315848708152770996e-01 8.053107303567230701e-04
3.344626724720001221e-01 7.972517632879316807e-04
3.375200331211090088e-01 7.888071122579276562e-04
3.395472466945648193e-01 7.832750561647117138e-04
3.407973647117614746e-01 7.798837032169103622e-04
3.434210717678070068e-01 7.728366763330996037e-04
3.460718393325805664e-01 7.657945388928055763e-04
3.470964133739471436e-01 7.630935288034379482e-04
3.497548401355743408e-01 7.561368984170258045e-04
3.520123958587646484e-01 7.502883090637624264e-04
3.542634546756744385e-01 7.445063092745840549e-04
3.579505681991577148e-01 7.351391832344233990e-04
3.598290383815765381e-01 7.304180180653929710e-04
3.607746362686157227e-01 7.280537975020706654e-04
3.645214736461639404e-01 7.187604205682873726e-04
3.658131659030914307e-01 7.155846105888485909e-04
3.680364489555358887e-01 7.101494702510535717e-04
3.705522716045379639e-01 7.040471537038683891e-04
3.723676502704620361e-01 6.996769225224852562e-04
3.744587004184722900e-01 6.946721114218235016e-04
3.776728212833404541e-01 6.870440556667745113e-04
3.787990808486938477e-01 6.843860028311610222e-04
3.827008008956909180e-01 6.752533954568207264e-04
3.833925724029541016e-01 6.736455834470689297e-04
3.874338865280151367e-01 6.643123924732208252e-04
3.897622227668762207e-01 6.589854601770639420e-04
3.913344144821166992e-01 6.554032443091273308e-04
3.942004442214965820e-01 6.489200168289244175e-04
3.965348601341247559e-01 6.436755647882819176e-04
3.985874056816101074e-01 6.390892085619270802e-04
3.992229402065277100e-01 6.376682431437075138e-04
4.017125964164733887e-01 6.321487599052488804e-04
4.036340713500976562e-01 6.279101362451910973e-04
4.079203009605407715e-01 6.185280508361756802e-04
4.101250171661376953e-01 6.137395394034683704e-04
4.124044477939605713e-01 6.088159861974418163e-04
4.133303463459014893e-01 6.068210932426154613e-04
4.170106053352355957e-01 5.989428027532994747e-04
4.187509417533874512e-01 5.952421342954039574e-04
4.202964305877685547e-01 5.919672548770904541e-04
4.227215051651000977e-01 5.868509178981184959e-04
4.250358343124389648e-01 5.819942452944815159e-04
4.278945028781890869e-01 5.760309286415576935e-04
4.304807484149932861e-01 5.706663941964507103e-04
4.324928522109985352e-01 5.665147327817976475e-04
4.351114034652709961e-01 5.611404776573181152e-04
4.370612204074859619e-01 5.571581423282623291e-04
4.399062693119049072e-01 5.513778305612504482e-04
4.420629739761352539e-01 5.470180767588317394e-04
4.430594146251678467e-01 5.450107855722308159e-04
4.454678893089294434e-01 5.401782109402120113e-04
4.484470784664154053e-01 5.342340446077287197e-04
4.510650634765625000e-01 5.290384870022535324e-04
4.534125328063964844e-01 5.244078929536044598e-04
4.549431204795837402e-01 5.214026896283030510e-04
4.575882852077484131e-01 5.162279703654348850e-04
4.595808088779449463e-01 5.123485461808741093e-04
4.621667861938476562e-01 5.073398351669311523e-04
4.644874334335327148e-01 5.028655286878347397e-04
4.665886163711547852e-01 4.988368018530309200e-04
4.676547646522521973e-01 4.967989516444504261e-04
4.707275927066802979e-01 4.909509443677961826e-04
4.718045890331268311e-01 4.889100673608481884e-04
4.745677709579467773e-01 4.836978914681822062e-04
4.781258702278137207e-01 4.770306113641709089e-04
4.795596897602081299e-01 4.743556783068925142e-04
4.814037680625915527e-01 4.709311178885400295e-04
4.833021759986877441e-01 4.674219235312193632e-04
4.875250756740570068e-01 4.596623475663363934e-04
4.878368377685546875e-01 4.590927565004676580e-04
4.901719689369201660e-01 4.548358556348830462e-04
4.921874105930328369e-01 4.511788720265030861e-04
4.958769083023071289e-01 4.445287049748003483e-04
4.977491497993469238e-01 4.411722184158861637e-04
5.003335475921630859e-01 4.365658969618380070e-04
5.013245940208435059e-01 4.348056681919842958e-04
5.051032304763793945e-01 4.281339352019131184e-04
5.070546269416809082e-01 4.247132746968418360e-04
5.091841816902160645e-01 4.209945327602326870e-04
5.110501050949096680e-01 4.177522787358611822e-04
5.129774808883666992e-01 4.144173290114849806e-04
5.153529644012451172e-01 4.103273095097392797e-04
5.171790719032287598e-01 4.071989678777754307e-04
5.209507346153259277e-01 4.007807583548128605e-04
5.230384469032287598e-01 3.972535778302699327e-04
5.254524946212768555e-01 3.931960382033139467e-04
5.281264185905456543e-01 3.887276398018002510e-04
5.304424762725830078e-01 3.848821797873824835e-04
5.328070521354675293e-01 3.809824993368238211e-04
5.343888998031616211e-01 3.783833817578852177e-04
5.372873544692993164e-01 3.736483049578964710e-04
5.391272902488708496e-01 3.706624556798487902e-04
5.418190360069274902e-01 3.663140814751386642e-04
5.429330468177795410e-01 3.645263786893337965e-04
5.449559688568115234e-01 3.612881992012262344e-04
5.471380949020385742e-01 3.578151518013328314e-04
5.506669878959655762e-01 3.522399638313800097e-04
5.523597002029418945e-01 3.495855198707431555e-04
5.537132024765014648e-01 3.474699042271822691e-04
5.569242835044860840e-01 3.424797905609011650e-04
5.581775307655334473e-01 3.405458701308816671e-04
5.616305470466613770e-01 3.352480998728424311e-04
5.641885995864868164e-01 3.313563065603375435e-04
5.650234818458557129e-01 3.300923272036015987e-04
5.671426653861999512e-01 3.268926229793578386e-04
5.704585909843444824e-01 3.219263453502207994e-04
5.725290775299072266e-01 3.188506234437227249e-04
5.758371949195861816e-01 3.139712498523294926e-04
5.773280262947082520e-01 3.117857268080115318e-04
5.784827470779418945e-01 3.100995963905006647e-04
5.824220180511474609e-01 3.043913748115301132e-04
5.836156010627746582e-01 3.026748890988528728e-04
5.872300863265991211e-01 2.975125971715897322e-04
5.876040458679199219e-01 2.969823253806680441e-04
5.897352099418640137e-01 2.939665573649108410e-04
5.939954519271850586e-01 2.879930834751576185e-04
5.958494544029235840e-01 2.854195190593600273e-04
5.983207821846008301e-01 2.820092777255922556e-04
6.001032590866088867e-01 2.795658365357667208e-04
6.030222177505493164e-01 2.755910099949687719e-04
6.053504943847656250e-01 2.724452351685613394e-04
6.067025065422058105e-01 2.706315717659890652e-04
6.079121828079223633e-01 2.690117398742586374e-04
6.108196973800659180e-01 2.651497779879719019e-04
6.136668324470520020e-01 2.613980323076248169e-04
6.157110333442687988e-01 2.587251656223088503e-04
6.182712912559509277e-01 2.554046805016696453e-04
6.207931041717529297e-01 2.521592250559478998e-04
6.232500076293945312e-01 2.490232582204043865e-04
6.254959106445312500e-01 2.461760013829916716e-04
6.268182396888732910e-01 2.445096033625304699e-04
6.291556358337402344e-01 2.415814524283632636e-04
6.313529014587402344e-01 2.388505381532013416e-04
6.339567303657531738e-01 2.356397308176383376e-04
6.350881457328796387e-01 2.342523075640201569e-04
6.390711069107055664e-01 2.294131118105724454e-04
6.409057378768920898e-01 2.272043639095500112e-04
6.439005136489868164e-01 2.236281870864331722e-04
6.453523635864257812e-01 2.219089510617777705e-04
6.473032832145690918e-01 2.196118875872343779e-04
6.485747694969177246e-01 2.181212767027318478e-04
6.521589756011962891e-01 2.139589778380468488e-04
6.540434360504150391e-01 2.117897965945303440e-04
6.575361490249633789e-01 2.078104298561811447e-04
6.588848829269409180e-01 2.062848798232153058e-04
6.619892716407775879e-01 2.028034505201503634e-04
6.632951498031616211e-01 2.013493794947862625e-04
6.647613048553466797e-01 1.997271756408736110e-04
6.684112548828125000e-01 1.957225322257727385e-04
6.706333756446838379e-01 1.933090970851480961e-04
6.713218688964843750e-01 1.925658434629440308e-04
6.755350828170776367e-01 1.880562631413340569e-04
6.760224699974060059e-01 1.875402813311666250e-04
6.801654696464538574e-01 1.831799600040540099e-04
6.808307766914367676e-01 1.824859937187284231e-04
6.847606301307678223e-01 1.784218475222587585e-04
6.851136684417724609e-01 1.780579623300582170e-04
6.889111995697021484e-01 1.741936139296740294e-04
6.909293532371520996e-01 1.721607695799320936e-04
6.938564777374267578e-01 1.692417572485283017e-04
6.950199007987976074e-01 1.680894201854243875e-04
6.962990164756774902e-01 1.668287586653605103e-04
7.004778385162353516e-01 1.627549936529248953e-04
7.018330097198486328e-01 1.614473003428429365e-04
7.047328948974609375e-01 1.586736034369096160e-04
7.065257430076599121e-01 1.569728337926790118e-04
7.087419629096984863e-01 1.548877771710976958e-04
7.114315629005432129e-01 1.523824175819754601e-04
7.134249210357666016e-01 1.505422114860266447e-04
7.157165408134460449e-01 1.484436797909438610e-04
7.174170613288879395e-01 1.468987175030633807e-04
7.197365164756774902e-01 1.448086841264739633e-04
7.230347990989685059e-01 1.418708707205951214e-04
7.255706191062927246e-01 1.396368461428210139e-04
7.277858853340148926e-01 1.377053122268989682e-04
7.298159599304199219e-01 1.359497837256640196e-04
7.311882972717285156e-01 1.347725483356043696e-04
7.340416908264160156e-01 1.323418837273493409e-04
7.363312840461730957e-01 1.304138131672516465e-04
7.391567826271057129e-01 1.280576689168810844e-04
7.403056621551513672e-01 1.271089568035677075e-04
7.415310144424438477e-01 1.261005236301571131e-04
7.441381216049194336e-01 1.239729317603632808e-04
7.463846206665039062e-01 1.221579295815899968e-04
7.503395676612854004e-01 1.190031907754018903e-04
7.513756155967712402e-01 1.181858679046854377e-04
7.529036998748779297e-01 1.169862298411317170e-04
7.570445537567138672e-01 1.137750368798151612e-04
7.590274214744567871e-01 1.122575558838434517e-04
7.617052793502807617e-01 1.102279129554517567e-04
7.631890177726745605e-01 1.091150334104895592e-04
7.652114629745483398e-01 1.076072876458056271e-04
7.683280706405639648e-01 1.053102896548807621e-04
7.697135806083679199e-01 1.042991352733224630e-04
7.716932296752929688e-01 1.028634796966798604e-04
7.740420699119567871e-01 1.011783533613197505e-04
7.765729427337646484e-01 9.938088624039664865e-05
7.799276709556579590e-01 9.702963143354281783e-05
7.803015112876892090e-01 9.677079651737585664e-05
7.828238010406494141e-01 9.502751345280557871e-05
7.847655415534973145e-01 9.369984763907268643e-05
7.877795100212097168e-01 9.166169184027239680e-05
7.898585796356201172e-01 9.027180931298062205e-05
7.932640314102172852e-01 8.802353841019794345e-05
7.950491309165954590e-01 8.685854118084535003e-05
7.968146204948425293e-01 8.571526268497109413e-05
7.989612817764282227e-01 8.433793846052139997e-05
8.006550073623657227e-01 8.326119132107123733e-05
8.048979640007019043e-01 8.059952961048111320e-05
8.067840933799743652e-01 7.943215314298868179e-05
8.075134158134460449e-01 7.898425246821716428e-05
8.097679615020751953e-01 7.760670996503904462e-05
8.138315677642822266e-01 7.516299956478178501e-05
8.147850036621093750e-01 7.459546031896024942e-05
8.184619545936584473e-01 7.243290019687265158e-05
8.202776908874511719e-01 7.137817738112062216e-05
8.217198848724365234e-01 7.054798334138467908e-05
8.235085010528564453e-01 6.952478724997490644e-05
8.269742727279663086e-01 6.756879884051159024e-05
8.286496400833129883e-01 6.663568638032302260e-05
8.320573568344116211e-01 6.475756526924669743e-05
8.330068588256835938e-01 6.424035382224246860e-05
8.347725868225097656e-01 6.328328163363039494e-05
8.369355797767639160e-01 6.212457810761407018e-05
8.392408490180969238e-01 6.090022725402377546e-05
8.415989875793457031e-01 5.966310709482058883e-05
8.447535634040832520e-01 5.803098611067980528e-05
8.464857339859008789e-01 5.714327926398254931e-05
8.484461307525634766e-01 5.615103509626351297e-05
8.520730137825012207e-01 5.433935439214110374e-05
8.539709448814392090e-01 5.340313146007247269e-05
8.558514118194580078e-01 5.248533489066176116e-05
8.579486608505249023e-01 5.147125193616375327e-05
8.604903221130371094e-01 5.025754580856300890e-05
8.633825182914733887e-01 4.889359479420818388e-05
8.641651868820190430e-01 4.852999336435459554e-05
8.666073083877563477e-01 4.739880751003511250e-05
8.700312376022338867e-01 4.583552072290331125e-05
8.727267980575561523e-01 4.462478318600915372e-05
8.732490539550781250e-01 4.439223266672343016e-05
8.774539828300476074e-01 4.254238592693582177e-05
8.792705535888671875e-01 4.175535650574602187e-05
8.811512589454650879e-01 4.094976975466124713e-05
8.826961517333984375e-01 4.029300180263817310e-05
8.863735795021057129e-01 3.875088077620603144e-05
8.868277072906494141e-01 3.856097100651822984e-05
8.910854458808898926e-01 3.681741145555861294e-05
8.914669156074523926e-01 3.666335760499350727e-05
8.947498202323913574e-01 3.534685311024077237e-05
8.964003920555114746e-01 3.469512739684432745e-05
8.986311554908752441e-01 3.382238355698063970e-05
9.014239311218261719e-01 3.274404662079177797e-05
9.027566313743591309e-01 3.223607200197875500e-05
9.055823683738708496e-01 3.116814332315698266e-05
9.079740047454833984e-01 3.027847378689330071e-05
9.094106554985046387e-01 2.975060124299488962e-05
9.126331806182861328e-01 2.857680919987615198e-05
9.143657088279724121e-01 2.795670116029214114e-05
9.175360798835754395e-01 2.683568163774907589e-05
9.187586903572082520e-01 2.640667298692278564e-05
9.218568801879882812e-01 2.533692531869746745e-05
9.248473644256591797e-01 2.432216570014134049e-05
9.266917705535888672e-01 2.370419497310649604e-05
9.286164641380310059e-01 2.306702481291722506e-05
9.313603639602661133e-01 2.216950633737724274e-05
9.325075149536132812e-01 2.179920011258218437e-05
9.355825185775756836e-01 2.081599996017757803e-05
9.375655651092529297e-01 2.019146631937474012e-05
9.410174489021301270e-01 1.912126026581972837e-05
9.413330554962158203e-01 1.902506301121320575e-05
9.441327452659606934e-01 1.817479642340913415e-05
9.460719227790832520e-01 1.759375845722388476e-05
9.485537409782409668e-01 1.686025825620163232e-05
9.509683251380920410e-01 1.615740802662912756e-05
9.545078873634338379e-01 1.514367795607540756e-05
9.555198550224304199e-01 1.485758912167511880e-05
9.581171274185180664e-01 1.413116751791676506e-05
9.594322443008422852e-01 1.376854197587817907e-05
9.617954492568969727e-01 1.312382300966419280e-05
9.656534790992736816e-01 1.208899084303993732e-05
9.670808911323547363e-01 1.171275653177872300e-05
9.696531295776367188e-01 1.104200237023178488e-05
9.711351990699768066e-01 1.066025197360431775e-05
9.739522337913513184e-01 9.945633792085573077e-06
9.757038950920104980e-01 9.508570656180381775e-06
9.787831306457519531e-01 8.748578693484887481e-06
9.797494411468505859e-01 8.513859938830137253e-06
9.822394251823425293e-01 7.914175512269139290e-06
9.862447977066040039e-01 6.968559318920597434e-06
9.877099394798278809e-01 6.629514246014878154e-06
9.908093214035034180e-01 5.922280706727178767e-06
9.918957948684692383e-01 5.677638910128735006e-06
9.939129352569580078e-01 5.226422217674553394e-06
9.966642856597900391e-01 4.622760116035351530e-06
9.995264410972595215e-01 4.005527443950995803e-06
